4068816 2593
5985961 5226
4032539 1224
1763134 396
1763132 4813
1307657 3832
4313109 4162
1295742 3107
10514817 6674
4006452 1221
1438689 945
1895119 1021
4134631 640
4014405 1223
1300555 2771
6527269 3471
2132187 2499
5401550 3702
3412882 592
3445516 6269
3620686 1199
1295344 771
10440112 5324
1295348 4486
1465654 3866
1997679 62
22559478 2936
4111333 4245
2995127 6571
4111335 5277
4146512 4648
3003137 1122
3623024 3520
1293156 4439
3690419 6862
1308769 2302
2010975 4045
1828213 2146
6146955 2180
1301715 3165
2010972 1539
3586996 2554
1300992 225
20470369 5748
1294766 153
1294768 3098
1301711 5861
1476254 3358
3007297 2868
2990737 5000
1305789 5677
1298616 4211
1926517 3894
1308637 297
3338821 3957
1296874 6701
1453575 1276
1482022 3739
24527673 5211
1301823 4724
1294588 2092
1294589 5457
1294584 5376
4851904 6379
1300193 4720
2287938 5601
1305010 3183
3155961 3665
1444595 2141
10833924 2943
3804436 6944
3071471 4597
10604087 75
3041504 4870
1299698 2103
1304560 3338
11498724 6738
5446211 5284
3430271 2424
3927750 4766
10549251 3307
1297585 183
21973146 5325
1297239 6349
10549256 6113
1297233 4278
6860160 1865
19969225 3016
2208917 5505
1424406 4003
1293934 755
1293936 6181
1442740 5567
4074009 2047
1309044 2977
2129042 1073
1962968 4687
1297052 1569
1905777 434
6815096 3527
3033085 4220
1892335 4942
3731626 3272
1305903 1377
1305902 4130
1353727 3728
1353725 4658
1438091 5094
2138299 3918
1296185 4101
3025673 5867
7155083 1555
1306712 5997
1295576 6323
1298854 797
2377605 3657
4723944 5157
2156667 6655
1858711 417
2360882 1520
1293759 5790
1293750 3084
1293753 4750
1293755 137
1308191 865
1299981 3148
1308197 6508
1303368 250
1303364 1894
10796594 4289
1295753 1882
6788517 4217
1298586 2099
1295340 2256
3312344 586
2996625 2670
1434272 5122
1433556 2978
1298155 5589
2138838 1082
4280102 5756
2300194 4295
1308998 3595
1303509 4666
1308991 312
1308993 3221
4826776 6938
1308995 313
4826770 5354
1302109 1451
6110548 3526
1302100 828
1307463 3709
1963710 5249
2156945 1088
1299327 801
1292403 3058
1292402 108
1292401 107
6716372 4915
2027899 4927
3003836 546
3003830 1468
20262329 4834
3836070 2891
3168086 3417
2286418 5149
2272208 5551
1946882 4290
1297192 786
1299062 2101
6745433 6394
4316520 7018
2301242 5256
1316626 2801
1306334 1907
2365079 6726
10487226 2516
1301459 232
1300857 5797
3834175 2523
1381964 3549
4915107 661
6225992 1818
3001472 2939
4861627 1548
1307884 3834
1914682 6241
5366708 5497
1291989 3774
6083109 3635
19976906 6186
3154176 2578
24839498 6777
2224505 6637
1293232 4096
1293237 3290
1293236 2732
1293234 1409
2969582 4420
3711760 1205
1300275 813
1294240 3004
2361919 6092
1433232 4303
6793319 6753
3057495 5990
3236520 6289
1397550 911
1292557 4679
10566582 1299
1305735 4034
1305224 3823
3062549 6330
19976810 6819
3217128 1181
5915752 3703
3082393 4579
1299966 5859
3082396 6097
3602965 1780
3217122 3418
6534065 6024
1303773 2784
4319445 2445
23387071 5257
2148367 4516
3785971 4363
1293455 1972
1786739 404
19961072 2020
1786735 1668
4168733 5488
10455629 2486
24381190 4350
1293828 6477
5332621 1862
1307046 4324
3671986 5931
1361276 1928
1292365 105
1865561 1941
4074744 3446
1390020 2128
1390021 2639
1390022 2640
3546035 2203
1906051 4459
3023164 3535
1479458 6400
1470765 6852
6738735 2476
1903286 2970
3319755 587
2132477 1077
2132475 2663
2157226 3616
2132473 2367
3732800 4159
1865703 3649
4067180 5991
3011459 3942
1307678 859
1302827 1374
1297606 184
3062897 4154
1900885 5883
1929402 6911
2303112 5418
3275168 3425
1309184 322
25696972 2032
2078864 1693
10864706 2009
1309182 6309
1295324 3103
1412579 4135
2359431 532
1419924 3239
1298962 202
1401931 912
2117922 1068
5265166 5644
4206477 1234
1308616 296
4120583 1231
1294039 5423
1294037 2253
1298638 4189
4821015 4301
1922691 2192
1298635 2268
1441238 949
2363876 1743
10458667 5223
1296897 5400
3607877 7007
1301849 1373
3789848 2723
2043126 5059
1866424 2924
1441094 4619
1966460 4145
1966464 3255
1305034 4033
6808702 3996
1937132 3895
5977838 1322
5977836 2467
5977835 1550
4073744 636
25778413 5509
24736583 6866
20278812 4090
20278813 5993
4839173 4558
10606939 5585
1297213 3126
1434172 2078
1481830 4936
1293917 3089
5365963 3987
1431716 2810
4328449 6755
1431714 2809
1431712 5180
1431713 2808
1866131 4352
4328443 3276
4328444 6177
1431718 1581
1431719 2811
1305690 42
3059379 3412
1305697 268
5289960 6236
4118060 639
2148618 6702
3120852 2413
1304613 844
1309220 324
1309222 6191
1353745 4729
6121141 6881
6788284 4656
1401129 3597
3986152 6375
1401124 3847
1465021 2080
1465020 6425
1465023 6685
1293770 5079
1293778 753
3629235 6455
3629232 2174
11443807 6929
10432911 5703
1303693 3737
1303340 3586
1303691 1899
1473174 6016
1465284 1653
2229482 1724
2121813 475
1303525 5428
1292792 1428
1292790 3070
3148956 3947
1292798 3071
2282477 517
3169043 2416
6768838 3300
19965431 6310
3068206 1146
5965670 3466
1462550 4083
6801448 4477
1766086 397
3007826 1128
3007825 3660
2996642 1119
1302344 4789
2996640 2867
2078989 4149
3718424 1206
24759014 6041
2272222 3929
3138953 6733
1299048 3798
1476422 4773
1307442 3201
11529526 1616
1307332 282
1302128 6038
2132220 1463
1306317 4035
1306319 3196
4861422 1801
16468207 4269
1835843 992
1300870 2622
2157150 6568
3239700 5225
1300874 6019
3578920 4758
1959195 4832
2245683 1726
3578925 1196
5294344 3294
1294488 149
2364982 5593
4303685 5352
1296935 3119
4303681 649
20497633 5251
1293213 4368
1293212 4930
1294262 1324
1300250 6969
5967829 6696
1793200 4993
6857606 5705
6539385 6051
4319017 3981
4914656 4900
1297689 2261
1297683 3792
3238076 1186
2158222 6294
2018131 2574
2311206 6828
1400868 3235
3149087 4243
1305201 3186
3176525 6046
2037012 3507
3073124 1153
3077408 1156
1308078 290
3732780 1783
3652297 2942
1308070 2957
1451911 954
1308076 864
1308077 5642
1308074 863
1418919 346
1418660 4343
3131854 4872
6128003 3468
1468032 6357
1584750 2920
1308504 4703
1946786 5849
2377585 4048
4765764 3278
3546019 1854
3009079 5473
6738757 6889
3284768 5634
1436998 2138
1864491 4763
1304406 5721
1890784 1017
1890787 3890
1960313 1330
1830528 2832
4043647 632
3990098 2085
2132412 1076
1297874 191
3011308 552
6097775 1551
6880590 2482
1302802 3486
2028661 458
2028666 459
4942776 1249
4942778 1250
2028669 1052
21339377 5111
1394163 4325
1949034 6449
2213119 498
1295656 3788
24700632 5751
2357162 3012
19955871 4086
4922787 3293
1864236 7030
3113588 6281
3324130 6767
3319776 1776
3344570 2543
3892394 4357
2378589 4464
1578475 4756
1422106 348
5279587 6009
6312211 1819
3837519 620
3194100 1765
2357703 5818
2357701 3761
2357707 2028
1306123 2111
1460833 6356
2133323 5234
2055017 3551
2264077 7033
1478168 3359
4925924 2458
1308672 869
5959696 2529
1302661 5800
1302662 2987
1793929 2493
1917074 3760
4812830 5678
1830589 3252
1793922 4731
3118110 6209
1301861 825
1301867 5799
3275425 3670
3742360 608
1309067 3223
4846885 4898
1309065 888
2298282 1739
2190981 3618
2124724 479
1796255 6529
3804470 3441
1308811 303
2118538 6119
4901684 6048
2353665 3931
4901335 3696
1294011 4976
3017339 5365
1297271 788
1463764 6157
1484469 4622
3183490 576
3078384 1159
3078386 3042
1761854 1460
1498818 968
1293973 3322
1299560 805
1293976 756
1498811 4623
2042279 6564
1853621 996
1767732 6640
4927785 2459
1441612 5304
3901388 626
1309206 5781
4727460 4665
1309203 2911
1309200 2312
1309201 2124
1309209 5135
4944035 4652
10573499 5744
10833971 6664
10833970 1302
5446253 5833
3078521 2410
1304091 4203
6128922 4655
3292384 1774
3197006 1177
6307284 6880
1298213 1845
4317617 4248
3286407 4277
1652587 56
21937452 2996
6788265 1265
1298817 5590
1304898 2000
1304899 845
1578643 971
1441948 4590
1293799 3086
4122701 2438
1441946 5807
1293792 3085
5294707 7036
1781126 2343
3008068 6367
4740691 3523
6971315 6147
3075921 562
6506066 6631
4300597 648
1436768 4333
1305419 267
4135443 2893
10438426 1297
1306809 1505
1306808 2299
4827531 4358
2051007 2082
3304014 2678
1306802 2904
1931974 4144
1394315 5029
4297254 5829
1461188 4139
4079117 3685
4079119 3686
4009651 3284
11600137 4031
2336785 1741
2085015 6885
2336783 4859
3335371 1593
1292449 1532
3007809 2722
1299362 803
1299361 2270
1292440 5301
1299365 4214
1292444 109
11598669 5389
4290151 3712
2301027 5740
4082101 3447
3596502 1197
1400673 2319
1301679 823
3230121 3420
3346527 5102
3271093 5851
1303815 838
1432640 6736
4724739 1860
10463008 5638
3009054 6939
24719090 6366
1871800 1007
1438759 1647
2154859 2514
1307319 2791
1307315 1571
1307311 3029
1301419 2281
1396313 3348
10546500 6210
2373267 2388
2157176 2667
2027945 4108
1432509 4137
5996409 3554
1299795 3146
2357397 4296
11503382 2010
2330092 3513
5967223 3705
4156865 5208
3215640 578
4967578 4253
1294461 4781
1308799 1414
1308798 7001
1308792 874
1308790 3218
1308797 4767
1308796 4676
4861402 4251
4830236 4384
1466273 6783
6974439 2985
4861408 6380
1293899 5791
1773834 3364
3532614 3962
1467584 4809
1293896 4322
1431699 2807
3193964 5107
1299858 3147
1431690 3354
1308429 3211
1431694 5880
2255841 3262
20458842 6363
3144388 4155
2248757 1728
6793351 5898
2248758 3392
2032236 3506
2276934 1949
10756211 3720
1940794 4829
10554990 5101
2270536 6123
2255476 4499
3195060 3949
3405642 590
4264700 5562
3160978 1171
2227111 3260
4173583 4437
1307956 289
1418640 2131
1307959 3767
2132932 3032
10745399 5852
1293090 730
1485185 6215
1418194 916
6128025 4493
1299800 6488
1292326 3775
1292327 2949
4023433 3725
1292328 104
1299809 3330
10581289 6632
1867742 6832
1766789 4815
1440406 947
4824982 4250
4707534 5650
2030563 2362
4845728 1247
10461726 1298
4226908 4601
1464834 5577
1304132 5801
5954347 671
7065168 3480
2133403 5877
1394819 908
2269893 1097
6519514 2472
1474180 961
1474185 376
1308745 298
1474189 377
2132430 4690
1302868 4402
6985315 3477
6985317 3478
1302369 3721
1929441 4827
1929443 2654
6078003 5300
1293639 5453
2993846 1755
3254235 3517
1298589 6065
2028645 1051
2028647 2497
2028640 3610
1388196 2638
1951014 6796
1416435 1934
1875317 6931
1875313 1012
1875311 5039
1295675 774
10727268 3559
2978951 1118
1307766 860
1307762 3833
3011581 2940
2996855 3407
3569954 6841
5320233 5496
10762817 5692
1329562 332
1421733 6346
5908482 6530
1421734 3241
1428602 357
4206436 1233
6869783 1295
1478186 2822
2133340 2500
1793903 984
1793904 985
1922656 1682
1872927 4824
1308655 1833
3006767 5472
4830911 2512
4914468 2704
1906298 2847
1949528 6084
2279912 4348
1301888 4496
1301886 826
5360033 3700
3003192 3939
3014957 5742
2286642 2027
1301081 2976
3346995 5005
2190963 2861
2375707 6148
5954505 5834
1765009 4671
3523261 6166
2215476 6958
1291550 77
1291552 26
1291553 4111
1291554 1355
1291555 1867
1291556 4112
1291557 27
1291558 1340
1291559 2945
1300426 5843
1300930 4985
4896894 3499
1463033 956
1498831 2337
4291876 5623
1310169 3565
1310168 3548
1299588 4102
1299586 207
1310167 2960
1310166 1924
1299582 4700
1300685 3541
1431755 6430
2059225 1061
1304304 5024
4728471 1240
1294693 760
20470074 1689
1294699 4746
1848925 3037
6110546 3467
4807924 72
1410822 2323
1298189 2222
3927734 6180
3243344 3668
24324799 7056
10520453 5210
1293408 4097
1296697 4481
6874729 6506
1855834 4458
3008263 5820
3838279 4888
3600972 599
5392222 4907
1298230 3794
1439579 5343
3318306 6741
21937438 2995
2975682 6017
1578669 973
2371837 6242
2252736 4639
1306969 275
3552028 4545
4058698 634
3154909 4020
1308130 4132
1499008 389
1305430 5401
1790373 1669
1790376 1670
1790377 1671
3259416 2041
3075901 2165
1980825 2589
2138507 1697
3062263 6176
3074503 1155
1754927 3360
2286009 5216
2342557 527
2342552 7002
2037833 461
1295804 166
5364905 2231
3401409 3269
1292467 4398
1292468 4287
24703888 5259
1939761 443
1885124 1014
2038379 1054
1498605 4812
1498604 2824
1498607 5732
1759386 394
1890572 5083
1827955 4180
1302303 3169
6890469 3500
3348328 6647
1476973 378
5353344 1808
1476976 6542
6758119 2477
1303871 3336
7152895 1992
1465792 6077
1465790 1657
1307488 1912
1307371 2301
1395357 5359
11503638 6725
1307376 4708
3168089 2060
2338160 526
1550450 5382
1295116 4293
1465429 5360
4111416 1791
4718352 4556
5382887 6143
2170916 4536
2170915 1090
10491641 1611
2170919 1987
1294194 37
2057171 3510
1298755 2760
24851405 6677
1972732 2357
1301434 2773
20268721 1685
1296978 2616
1306421 4669
1296973 3121
4303640 4247
4303645 6378
1294227 3785
1294990 765
1300741 222
6531251 1264
2216966 3389
3992226 1789
2277181 6912
1340528 5725
4914616 2705
2032212 4835
6870362 5339
2244593 6091
3078753 565
1423043 4259
3024661 6175
3120171 4677
1796995 5924
6010171 2974
2973543 4466
4023638 631
1461403 4755
1297756 2618
1786755 2648
4067827 6997
3818971 2686
2997076 1437
1786753 2647
4995665 5232
3893805 5597
1307979 3835
5973984 5158
1292699 2741
1292874 123
1292697 3068
2389554 6739
4206468 5659
2252594 5816
1304114 2226
1304447 842
2173108 3385
2158486 492
1892527 1019
1892525 431
2035594 5944
1301106 3157
2229243 1722
1293619 3083
1929463 3039
4888039 3695
7175256 680
1419934 926
1419935 3001
1419936 1511
1920620 5503
1419933 925
2212281 5906
1419939 4770
3559017 6246
10577681 6238
10438582 7004
21759697 6295
1465300 1654
10545923 5933
1421933 3715
3864306 3443
2359450 5962
4016948 3972
1433417 941
1303462 836
11502153 3311
6007281 1813
1307741 6353
1307740 2795
1307747 5630
1307749 4222
1307748 286
2301363 5098
1297007 3324
1663415 1849
1306160 270
1306161 2113
1482286 5964
1875488 4328
6024430 4965
4294119 4246
1860377 418
2131291 5438
11625097 24
23042272 6491
1908239 6158
3811342 3627
3811349 4475
1297965 1963
1718162 2968
1316581 5977
1316580 3769
1316589 5753
5370003 3701
20515394 2498
1449776 6925
1937621 4630
6402121 6392
24878091 5915
3190880 1764
1300919 6775
2142535 3512
1291578 1271
1291579 1422
2142533 4846
1291572 1557
1291573 2735
1300912 5412
1291576 3027
1291577 10
1291574 2611
1291575 79
1297509 2882
5317291 73
1484420 386
1301359 231
5041077 3460
1759975 5141
1987561 6463
2294568 519
2043155 6088
2039903 4092
2294565 3396
2128931 7009
10437779 4776
2042230 5319
2042235 6361
1300678 4529
1417428 3571
10748109 3310
4158027 3687
20470058 6899
4158024 3003
2994961 2552
7065229 5836
25780651 3514
1293422 3301
4165084 2199
1307931 1308
20514845 7021
2368641 1964
5344178 666
3008247 1129
3008244 5908
3741764 1209
1305183 4791
1305182 3185
3012257 5263
2148790 6304
1298252 3137
2148799 2575
1304854 261
1304585 256
1304582 3820
6880497 2599
1817253 5504
2251924 2935
10617158 3567
1306984 1911
1806543 2190
2983986 5866
1306982 4794
1306983 3830
1443650 5374
1303671 3173
1308110 4796
1303674 1413
2372389 1112
1305456 847
3068368 1147
3111355 571
1985959 2496
5948612 4908
5948613 2729
3036564 4469
2155676 2371
1777361 4816
1295865 776
4102971 3538
1469111 5413
2085721 1590
6557005 1293
1935146 6473
2149465 1084
1292484 719
1784076 6292
1781597 2828
1307176 4037
1971111 2930
4301285 3980
1302987 2287
1308807 45
1308806 875
1308805 7040
1308804 1506
1308803 3640
1308808 5028
1871840 1009
10561880 6037
3744603 4956
1837856 993
1295284 1622
6957227 1339
1422889 1433
1295280 1369
1438066 944
1307354 43
1295283 162
2032840 6687
1920765 2653
1422081 930
1949608 3651
24719853 4276
2157132 6936
2157130 4519
2157131 490
2032902 4354
3231740 4874
3231742 1524
1298412 2758
2998270 544
1301630 233
5380919 6744
1301982 4986
4001699 1219
1294421 148
1483813 3872
2160611 1089
1908318 5652
2084721 6286
1298733 4169
10491666 2233
1308757 2633
1308755 872
1308754 3216
1308753 2632
1308752 2122
1308751 2121
1308750 1379
2147129 4535
4249355 1793
4303624 4895
2147121 2666
2338146 1742
1306403 5803
1482495 2336
1300766 3752
3872249 622
4728881 5598
5316829 4906
2567944 4865
1298084 6949
2127788 1071
2156663 2372
1292827 5625
3284257 5948
3626365 5349
3626364 5596
19971661 5235
2210391 6227
1484091 3754
3268192 3952
3804683 3498
1297194 5795
1453067 4318
1786231 5979
5913837 4653
2049689 3911
1899125 2846
1418747 920
4913200 1803
1461919 4178
10539880 7052
1293852 141
2278017 3395
2997052 3408
2141760 6464
2148677 6567
1418605 919
3233635 581
1297773 6653
1309185 4482
1293909 4060
2150545 1702
1309183 4584
1293908 1494
1307914 862
1307917 5081
3269068 2941
11533321 1866
1766813 2340
10748072 6583
1945797 3897
1763994 3875
3026357 1140
6730004 675
1794435 987
21332535 1591
2130529 6808
1766551 7039
1304469 5220
3731893 5689
2034997 3377
6393127 1443
19945757 5814
1401641 5030
5966739 6768
1295451 5163
1771925 6747
1981242 1045
1295452 4294
11604102 6512
1419918 6482
1850963 4042
24697949 2391
3193078 1175
2279772 1099
1465325 1655
1295638 2221
1754882 977
1788094 3878
1473074 3248
2091015 1067
1301061 1429
1830581 1675
1830582 1676
1830586 6964
1830587 3603
1303447 2289
3047617 4321
1303112 2288
1395091 1577
2416910 2030
1474762 4511
1421778 4709
1307724 6947
10777783 5853
10777780 4337
1464633 2142
1455442 5191
2041876 6498
1783457 1278
3144512 2607
2978224 1752
4176542 1479
3574559 6609
3212306 5447
2998395 3659
1304608 257
3245060 4541
1845562 2835
3569911 3625
1845560 2834
20471819 3491
3569915 1195
4927382 3482
1316565 5963
1316563 3232
1309235 5297
1316560 6284
2190921 6597
2190925 494
2190926 1713
2190927 495
2190928 3386
2190929 4853
1418197 1382
1418191 915
1418190 344
1418192 345
19998171 5747
1437377 943
2065021 1692
3041753 5213
1300977 1981
20254219 4572
3215099 4487
3090455 3944
1941347 4715
3033864 2084
2042219 6435
11612463 3503
3179758 575
3820191 617
2030751 3611
1300395 218
1300392 217
11523504 1615
1782142 2646
1300399 3805
1308567 3297
3824672 1856
3012012 7020
1466007 959
24695310 7005
1293442 745
1293446 5789
1296169 3112
21815004 3755
1300029 2186
1486221 6831
4300640 6008
1298270 1979
4300644 6302
1299251 6694
2326678 6125
2326676 4047
2333724 7062
1962230 2356
6534064 5498
2033317 3908
4133814 1478
2255001 6811
3683521 4423
6396294 5437
1296384 173
1887455 3733
10617175 5388
1308174 6413
1781149 400
1297389 4607
1863941 421
2028819 6660
1863947 1679
1950198 3254
4195676 4892
1950192 1039
4195678 6628
3897667 2176
1292719 117
1292718 727
1461124 3723
5337533 6857
1850084 6719
1979063 1044
1979067 3902
1900492 5684
1315570 2126
3627919 4568
1315574 328
3822842 1784
1304879 3303
1478066 3738
1478064 1385
1478063 380
1461348 5196
2149193 5616
1830130 5881
1299383 2223
2270390 2083
3562662 3519
3062731 6872
6425147 4582
1304708 2109
4310059 3726
1308820 2634
1308822 5387
1998268 6249
1308824 3594
1308827 306
1308829 5173
1308828 6151
4116987 6444
10563780 4583
10437865 4110
6982609 678
2122766 476
1794171 986
3892235 624
1438041 3355
1393859 906
3091888 568
1325399 1640
1461401 6193
2027925 1838
6041817 4581
3406467 6033
2027923 2359
3153641 3416
3153642 6134
3329192 5477
1295507 6585
1422067 347
1422063 2327
3805946 2685
3231724 1185
2998253 4070
1301617 1829
2267155 5776
1294408 146
3307383 1191
1300566 2278
1308779 302
11620863 6604
1298718 4323
1308771 300
4047267 1226
1308773 3838
1302705 4027
1422204 6504
4821379 1243
1308777 873
1308776 301
2036996 3909
1917171 437
5159370 6034
7161695 2964
2248550 4522
1306392 2789
1306465 4279
1308482 3212
20378778 6300
3066739 560
3685955 4646
1295157 5857
1293316 5856
10590706 4921
3686352 1203
2990072 1842
6394339 4010
25662618 6340
3586471 4886
3016187 1137
3009055 4467
5382891 5372
2224199 6204
1299408 4699
3229230 6270
1293870 4399
6311988 3991
3089571 3536
1463224 5998
3130180 1954
2148619 3380
3993682 5015
1297710 3131
1297715 3132
6889533 5605
1309163 1508
1309162 897
1309160 2311
3430331 593
3531406 4580
2140064 1839
2130545 3049
21332518 2368
1366165 6642
5995338 6579
5326546 6155
1293381 1996
2046853 3612
2976072 6275
1940086 5248
3824339 2570
1295437 6837
1293124 125
1293651 752
1293120 2613
1851549 5736
1293658 6352
1308772 2303
1308774 4212
1292836 6061
1419974 4234
1940880 5042
1419976 6030
1926352 6870
1295384 772
3148571 5890
10543699 6557
1470603 371
1470602 3869
1470600 370
2359499 3401
2042593 2661
2359497 2029
1303139 4610
2037958 6174
2282511 518
1950454 6742
3743052 3679
3736737 6317
4181108 2697
3754368 1211
1299247 3801
1292521 112
1299243 4762
1464618 3864
3737283 4262
2230905 3391
1292529 2248
2230906 4190
4036000 1857
5964718 1960
3002885 1121
2347271 6553
1307679 4038
3286547 4877
1689787 4140
1865108 5333
24756984 3620
1307675 5085
1297929 2264
1307706 6399
3011072 4261
1307702 285
3227335 5893
10543521 3296
1307708 5701
1297924 3135
3754940 20
1861935 1001
3754946 1474
1308480 3007
2375763 4999
3230462 3267
1299658 3766
2065047 3913
3743049 4424
1300956 5386
1300953 5458
1300952 6860
4888050 5955
2568018 6781
1906453 2848
4312232 2444
1301392 5302
6120366 6895
3007070 6469
2136824 2005
3395373 1544
2136181 4633
4859795 6700
4066125 3274
4066127 4160
4906427 1802
25663173 6244
2067505 5045
11639159 6840
1294366 3786
1294362 3092
1408130 3292
1437847 3856
25745767 6652
1308543 3544
6893934 5115
3012032 1136
1297544 789
3024838 2405
1297540 5768
1856674 5809
1856675 5810
1470592 3868
1470591 55
2173164 7057
1914831 2149
1296636 2755
1296141 1568
1293466 3080
1296147 3751
3874981 1213
1397345 910
1292843 3072
1300043 6015
2134285 4845
1300044 4587
5908503 3022
1305677 4701
1298299 793
1298297 2620
1298291 2901
6814906 4922
3103405 2166
3266509 6624
1994876 2931
3072779 5868
2299372 1466
1950601 4831
1994879 1047
1410557 913
1410556 3030
1308156 2629
1303630 2290
6082517 3990
1863965 3369
4735188 4249
2082012 6201
24324730 1951
2342530 4764
10746430 5358
2085545 5252
1297311 3562
1292735 5936
1292737 4495
1292736 6333
3148748 574
1304811 260
1481456 381
2137060 6032
1426819 4531
3792508 1315
1432972 2077
5977478 4396
4117302 4093
1820145 991
25703454 6042
10439805 5767
2252743 6962
4843641 6576
3864367 6935
1827713 3251
21354076 2158
5948656 4502
1304726 3179
1727200 4937
1388219 3233
1758810 1607
20256636 2932
1308848 877
1308843 2305
1308842 5914
1308841 1456
1308847 4313
1792933 5772
1307394 1572
4180445 4649
1395445 4670
1850942 6218
2119420 6109
4307476 2051
1916995 1026
1434257 3243
1945549 3253
3402160 6154
2131399 5930
1298909 798
3681349 6105
2081739 4594
2971742 4867
1301948 1450
1482101 6710
1306663 3198
1482102 966
1306664 2297
1482107 5246
1306666 3722
1308713 2120
1308712 5172
1778999 3877
1422950 350
1308715 3341
3530403 1968
1302769 3171
3443389 3270
1756361 3716
1302762 6189
1306444 272
2248530 507
1796053 5999
10758271 5788
1296992 5311
1306449 850
1296996 1326
2215900 5665
1431949 2814
1431948 2813
1781621 2829
1431947 1582
1431946 2812
1431945 4991
1431944 5728
20378794 4573
5323683 2706
5960606 672
3685977 4550
1480881 3870
5975197 673
1887829 6044
1483507 3550
5968334 6010
10561953 2572
19390890 1850
1300549 5506
1466907 4570
1297151 3124
1301231 1982
1301230 4723
1309004 3222
1941283 5848
1293817 5455
1293816 4195
1293815 138
1309003 3343
2124746 4346
3899162 3681
5968834 5698
1853160 995
1431617 358
1484163 2016
1431615 4483
1901660 4943
6436751 2584
6436752 3469
4151110 1859
1297735 4924
2997094 5064
1863770 420
5990367 4769
1292590 3064
4845414 2230
1299900 210
1432146 2329
1467748 367
1309145 6073
4817024 1799
4709671 4053
4707209 2086
4262201 4266
1293471 2746
1305803 5461
4707205 1795
1296284 5410
1427947 3643
4221515 6784
3001077 2398
2280004 5527
1417233 6301
1417235 3849
2054070 5574
1417237 6056
1417236 3850
1294827 5175
6829652 1823
6894265 4258
4132407 3285
2263102 3927
1298331 2184
24256440 6706
1295416 6846
2346826 6963
1401604 2913
2015069 7022
1296463 4661
1293105 4974
7051375 4317
1294038 5667
1782964 6649
1419953 4613
1323746 1926
1323749 2313
1769507 3363
1299889 1305
1915403 1515
2063528 4461
1823357 5117
3426848 2608
3287562 1284
3072185 1151
2153527 1703
2153526 2606
10537853 1993
1864290 5606
3006892 4329
4902100 5832
1303156 4790
20445146 4957
5941455 3704
1428178 355
1428175 938
1428176 4136
1428177 939
1302642 3531
2028027 3905
2131649 3917
6872273 2232
1292506 5018
1292504 2738
3829499 5074
3420350 6625
1292501 111
24700696 6422
20491392 6697
2277841 4691
3285632 4474
3002820 3938
2279997 5526
1432701 4800
1297909 2619
3011051 550
3011052 1131
1799000 6259
1493481 3601
1424334 4705
3364223 1333
2038174 64
1306057 3193
4910183 5493
4246125 2515
4826419 2557
1790861 2345
6114876 4391
2040705 4514
2210236 1717
1808049 2830
2139766 4403
2139764 3919
1949321 2560
1949320 2152
1949329 449
1949328 1036
2999913 1120
1460947 6076
2076923 470
4913185 4650
4160524 5952
2310051 2160
2369599 1396
3011574 1135
1298104 2534
1298107 3035
1308524 5214
1917638 3893
6101651 7067
1787291 2587
1433156 4177
1761707 1665
1917323 2150
2365260 1744
3871833 3971
1300064 1625
2227293 3654
1300069 811
1389980 1642
1389982 3234
1305655 5569
4287119 6101
4034047 5536
1478272 1661
11510624 2241
2044089 1057
2075994 6225
19967839 5118
10796577 5696
4164444 4161
1741703 976
20274039 2022
1307876 4312
3757362 5951
1401477 2130
1292977 5626
1292973 2745
3174074 1173
1464448 6194
1464449 6844
6532822 3047
6001038 4909
3634228 3436
4843480 2594
6506809 7038
3126196 2202
1867408 423
24752302 6336
1424655 936
1291990 1359
1900180 4043
1304837 5169
3267120 1188
10439358 4029
5403958 6039
4826178 4076
5413681 6102
3077948 2553
1452109 4457
3823425 618
2253586 4741
7051294 4316
1856436 4079
2059313 6932
2059310 4591
1394510 2129
1295991 4331
2346491 1107
10605978 2877
1946066 4513
3571532 6734
1298505 5166
1858876 5763
1292704 3779
3564327 5909
3011997 2404
1301922 3168
1306601 4753
1306607 853
1301926 5314
1828115 1673
1306609 3828
1301928 3811
1308865 309
1792917 2346
1308866 310
1308860 3219
3878157 623
11524484 4342
10527228 6672
1307514 2114
3726986 5329
1308738 5750
1437678 5566
1433701 5138
3564499 4435
5503435 1258
4856162 3632
1783772 1939
2143839 6055
2135983 4085
2135981 1464
1431960 2815
3725324 2713
3725320 1207
3402101 4021
2216326 1719
1302279 6596
3071517 4310
1294251 5792
1758491 6291
1418238 6167
1947089 1034
3199466 6670
3199463 2168
3199462 5559
3199460 6886
1937257 4571
1294114 2254
1300528 219
1299193 2185
1297131 4332
1466387 5707
1917796 3609
3670447 603
3670446 5350
1859053 2147
6796158 4077
1299441 3329
1293839 36
1293838 3088
1309028 314
1309029 5119
1293834 140
1293830 3087
1309020 1380
1309021 3008
1300298 39
1300299 2276
6870493 1598
1300292 213
6791750 5323
1300291 2769
5384601 6578
2365100 4862
1439452 2979
1917866 438
1309121 894
1309120 2909
1309125 6212
1309124 2636
1309128 5637
3237723 3421
3017896 6341
4166443 2696
3420455 5675
6879185 4193
3358309 2679
1878605 2841
1400240 337
2154096 1707
11510453 2711
10453719 4030
6393366 5716
1858678 998
2271640 5148
1293346 4268
2361826 2591
2361823 3402
24876428 6243
2144242 1083
3066083 1145
1294809 154
1766546 6814
5155038 5758
1293691 5718
1293690 2897
1293692 1368
1293167 734
1293694 4440
1293164 3078
10767516 2565
1308290 3209
1308295 6616
1305355 266
1891211 2926
1417036 6794
3904560 4300
1302054 1893
1864810 2351
6984064 3476
2077287 4087
6984061 2531
3010220 6957
1812031 988
3130233 4955
11627047 1619
1303173 247
4204586 642
1394218 4133
1303176 7054
4270672 5068
3818822 6994
5360890 3463
4883300 2703
2246583 1727
10581339 7049
2077469 4963
3750103 4490
3750104 4377
3097445 5475
3259973 5155
1299204 5093
4323691 3631
1307072 4036
1428378 3855
1478926 2538
1937401 2656
1937400 5573
3899297 3682
3892240 2687
3250377 3268
6965615 1554
1305217 3822
1316505 3570
1316506 5976
2161882 3384
6790253 5159
2237995 6827
3011033 3941
1307210 280
6424025 6265
2210031 5686
1306031 5429
1306032 5462
1482316 4621
24705156 6339
2335116 6500
1295038 1325
6878446 3483
1792922 982
1416850 2326
1291868 1447
1291869 2087
1291866 5878
1291860 2736
1291861 84
1291863 2737
4268598 2050
1301026 5427
1460923 5520
1460922 5519
1779632 5091
3345619 3428
1300883 3005
1294638 2207
1294639 759
4837832 3693
1294323 1495
2988163 2938
1298128 1826
10736432 6850
3268238 5532
3537855 6663
1868519 4822
1300089 5840
1300082 4338
2055699 2156
1940459 3896
2244363 505
4011034 3273
3828487 3680
1772084 4066
1292523 720
3155839 6623
3077701 6721
1986035 4944
6757776 6282
1292528 721
1297670 3130
2075345 5904
1468710 960
3073281 4330
1307853 861
10558423 7079
1914652 2191
3015835 5264
4215755 7075
1292950 1620
2051725 3508
1292779 5710
1292778 120
1960298 2850
3286552 5533
1424630 353
1962832 5578
6858722 6503
1789283 981
1457191 4327
3072889 2409
3072888 5230
3792816 611
1949877 6085
1291581 686
5282454 4904
3765673 6971
1401905 5097
2222995 1094
2222996 4636
25750824 3488
1304766 5711
25750820 538
25750823 3487
1785166 6285
1419856 923
20285048 4631
3072086 1398
1469441 369
6123976 1817
19997946 2884
2295986 6124
1295204 2900
4323732 1238
1896561 6496
1308086 4925
3226814 1183
1307684 6153
4907844 6941
1307687 2794
3550132 596
1307681 3304
3609025 5534
1298947 6398
10527209 6959
1306626 4967
2230888 3926
4826330 2702
1465024 6686
1395776 2316
1860257 3884
1437128 4616
1422911 4510
1422912 4106
1307535 283
1307532 1913
3035341 3662
1422917 932
3574495 2561
25750179 4224
2153016 4524
2117844 66
1293981 6965
5356803 2465
3000078 2059
2301772 5865
2079920 471
3195759 2061
21372228 3511
1472130 6543
22523356 4498
3654340 2681
1483239 967
10561911 4777
1294136 3784
1300505 2770
4767216 4075
1297112 6754
1296753 177
1297110 5112
1297447 1448
2124703 1070
1301278 3161
1296203 5793
6796133 2875
1301272 1890
2124708 3497
1309049 2908
1309042 316
1309043 3
2268359 513
1309045 317
1309046 1381
1309047 885
3279054 5633
1307991 5177
1794793 6081
1962623 5441
5322596 1254
1309109 891
1432180 940
1309101 1835
1309103 1923
1294791 762
1422233 6982
1291936 3028
1326208 902
1294417 147
2046839 2363
1296240 3113
1296791 3790
1296242 2753
10355329 4586
1293364 3581
1296246 4445
1308314 5921
1872133 2969
2133466 483
1940029 5362
1305594 3191
2129100 3256
1298370 5312
1293145 732
1293147 3076
3696535 5897
4179012 3450
1304978 2786
5332266 4388
1304972 3182
1304970 41
1419992 6607
3033030 1141
3236478 3667
1763916 6813
1292895 2744
24721493 1748
4603531 4664
10453731 2485
10453730 3577
3170961 1172
2259610 511
7051270 6423
4888853 3286
4884118 5985
5290729 1807
11627068 2242
3529375 2426
1947270 447
3310482 1956
3097352 569
3142767 5268
1292234 712
1292541 4059
3259956 3951
2354729 1109
1299952 211
1292233 711
1292238 3054
2274948 1732
1789492 6052
2988893 5261
5156137 6709
1307052 856
1947091 3372
5501711 5285
2354897 5198
3280079 5620
4832887 7014
1482080 3730
1482086 382
2062965 5060
1394490 5380
5346468 2463
2136149 2853
4293962 3689
2301387 4239
1308232 1917
20398945 3378
2238297 2501
3667102 6798
3070921 6774
4116481 4379
4116480 1595
2059456 6961
3231686 1184
1298574 5127
1578507 3249
1578503 5521
1578502 2919
1578500 5784
1578509 5733
1291846 6507
1291847 83
1291844 2246
6053679 4911
1291842 3053
1291843 2245
1291840 82
1291841 1600
1291848 693
1302467 1501
1949369 4736
1945330 1030
3807893 6426
1945336 444
5208150 3553
5154197 7053
20279749 6679
4237879 644
1306544 6995
1301042 5128
1306011 1832
1786742 405
1306541 273
1477506 379
25249145 6703
1294300 4680
4860078 5886
1300317 6478
1908561 6360
2326553 4221
2083967 4151
3439340 3433
23025359 6419
2074035 4592
3268216 1955
3060465 1759
2328749 5648
2223596 500
7059671 4722
2147619 5524
1305164 846
6875420 5174
1389949 2547
2270419 4856
10441064 6680
2033822 4996
2270417 1840
1299765 2275
2980436 2036
1299769 807
2254648 2384
1777612 398
5989840 7048
5323366 7065
1418570 6902
1297659 188
1297304 1886
10558405 3309
3123230 2196
3731463 5482
3286538 1772
3706862 7006
3286531 1770
3286536 1771
4133988 1527
3173556 4743
1440703 2642
3826526 4551
1417598 341
10549253 3308
3614963 3271
4230918 4893
1777570 978
3987536 6538
10001418 6849
3103429 7043
2299395 1101
20444530 5183
1499669 5433
1417042 340
1302927 2286
3011224 1843
3011225 2037
21339708 4668
3212318 5777
1293555 3082
1528848 5874
1295227 768
1295225 4119
1322848 331
3158990 1170
1295229 2093
20388223 1055
1304530 1846
20388224 5250
2983389 4868
2000689 5738
1303037 246
1303036 3334
1303034 2734
1303031 833
3736637 1208
1428054 5632
1963990 6316
1428051 2134
3011484 6812
2357374 5817
6729243 5835
3206620 2888
3017691 6096
3212106 2169
10830069 4659
6395245 2725
2968813 1115
1437109 359
1870044 424
1438338 4334
1309016 884
3436615 3961
1438337 3857
1309015 883
2411184 2551
1302077 5168
3074676 1760
1293863 6063
10604227 4428
1297880 5022
4067152 1228
1418270 918
4167113 6890
2998439 2397
1292585 4779
1299158 3585
2149804 3552
2149806 1701
3034986 5265
2080007 3614
1299153 2999
1302786 244
1422286 3351
1945780 2003
4202302 2698
3328794 588
1301252 1348
1309063 5084
1309060 318
1309066 5393
3275421 4244
1309064 319
1299481 2102
5155169 1252
1309068 2308
1309069 2309
1408315 3236
1408312 2322
6803494 4198
2249535 6836
3035147 2038
2249531 5062
3391761 4014
2049559 5945
2049556 1517
2159244 5905
6875265 6266
4267948 6772
25798411 5617
1293460 2182
2189642 1712
2352630 529
1292275 101
21329305 6090
1439488 4282
6439459 6693
1296223 4167
6005599 6388
10484007 1610
2121521 5927
1294519 2899
1298354 197
1307449 6071
1298351 4719
1464838 366
1456579 5651
1308338 291
1464837 1652
1329962 1641
10738134 4194
1962319 5653
1760775 3731
1961844 1041
1308252 1918
2044102 464
2244359 7072
3727658 6137
2129386 3916
3727653 604
3263814 5270
4042536 3684
6861618 6441
3073875 4471
1966126 3901
3078609 3515
4848610 5538
5379971 6914
2153580 6045
6026035 5287
1985677 2155
2349361 5961
1889242 4527
2309838 6688
3148068 4340
3269019 7076
3148064 6401
10752040 4015
3103186 2532
24321138 5749
21871151 2057
1292218 708
1292219 1407
1292216 2948
1292217 93
1292214 92
1292215 1360
1292212 707
1292213 91
1292211 1406
1307031 1535
10774980 6459
1304045 6334
1304044 253
1457768 3863
1308927 2306
1394968 335
1939173 5405
3749943 4362
3749947 6342
5157400 6810
6021916 674
6021917 4216
2969282 3403
1307786 6059
1307781 4204
11577139 2994
24522640 5229
24522312 5987
2157156 5383
3007780 548
2035642 6087
1416728 2325
10342838 1420
4903990 6439
1416722 5805
1295078 767
5258036 5636
4241887 3561
1306785 4793
3006781 1126
3006783 1127
1291822 689
1291823 2218
1291824 2244
1291828 81
1302443 6806
6852358 2598
2378635 4863
5325354 665
1306564 4726
1306565 852
10766459 682
1294671 2255
1300334 3152
6518736 7066
2083944 4084
2156748 2858
2284418 6450
3718493 5869
4896305 2455
4896304 660
3034934 6690
6517608 3993
1922273 440
10756518 5839
1389923 1930
4824515 3298
1389924 6354
6875402 5970
20513059 1691
3077742 2542
1299745 2274
3592853 1545
3592859 1288
10485526 2544
3993290 6692
1307811 1574
1307812 5171
1297320 4183
1297630 186
1307819 6274
7154463 4426
6013893 1814
7916275 4920
4215790 2699
11527487 1563
2082013 1694
3602084 2431
2910660 5345
11226094 1353
11226092 1352
3126138 4434
2147890 6548
1763896 6198
1900161 5523
5355187 667
3788587 5099
3400593 3431
6019180 2469
2377626 5364
2377627 6998
1790577 3366
4156402 2563
19938222 6338
24383343 6900
10867124 4605
5374152 6187
1293530 134
1293531 749
4154669 1232
1293537 1877
4074158 70
1295242 160
1428291 5779
10537919 681
3570688 3676
1293643 5746
5327463 5070
2326212 5320
2326215 6228
1826151 6240
1303010 832
1875038 2840
1303017 4064
5153329 1805
1929497 2928
1428073 4171
1298989 4124
2131640 6233
4739952 1798
3212120 4473
4942787 6440
4922426 3021
1292664 116
1451430 1837
1292660 3065
3092010 6306
3092011 6307
11614086 3312
1303278 6026
11577091 6665
1786833 2649
4812751 5353
20443013 465
2241523 504
1759766 4625
3431802 5595
4307380 6458
2149791 4260
3728249 2433
2216383 5959
4082544 1230
11584309 5935
1302271 2284
1471438 4711
1899616 6031
1303907 2105
2239286 1725
4202326 4554
1302050 1892
1307577 5989
1860745 2727
3290474 6582
1301509 820
2230669 3390
1309088 5863
1309084 2567
1309085 4170
1309086 1834
1309087 890
1309080 3225
6053731 2470
1309083 3226
1807959 1585
3036997 4153
2170936 5775
2036270 6002
25796146 6809
1303910 839
3279093 3954
3273588 1189
3077680 6006
5392075 5282
10573695 5342
1291587 28
1291586 1487
1291585 1357
1291584 687
1291583 1565
1291582 2243
1978369 1684
1291580 80
2271910 1731
3025447 556
25724865 6474
1291588 1488
3150816 1168
1308685 1919
2078159 4593
1308686 3837
24839091 2984
2053665 6942
5919538 5690
20515018 4274
4057312 2177
1859036 1000
1438734 6666
1428344 6417
1296757 1976
25718136 6731
1296206 5021
1296201 2517
1293320 4369
1293323 1875
2133422 1081
1300108 4125
1305553 3190
3862363 5826
5392105 4560
1305088 3768
1507248 4283
1305084 6868
23748525 1522
2031964 5739
1938312 2151
1293181 128
1293182 1621
1968438 4418
1308236 4000
20378817 2520
4732903 3982
4709904 1796
20378811 1966
6142597 4365
1305333 3188
1863598 2837
3732505 3964
1438300 4617
1305686 848
1417946 1645
3262050 2889
2972166 1751
3411843 4881
1303482 3172
1292055 1601
1292056 88
1292050 6162
1292052 701
1303485 837
1306505 851
21348876 4484
1304687 4987
24891524 6708
1292586 5670
3181788 2006
3259993 583
1292279 715
4919232 5494
1292270 713
1292271 714
1292272 100
1292274 2247
2367213 5341
1292276 3056
1292277 3057
3077826 6130
1307014 276
3196716 1176
4286017 646
4894072 4385
4894070 3044
4894075 2454
4894074 3985
2257740 2159
3541415 595
1448755 5190
1448758 3859
2932856 6329
1921917 4714
11538048 5992
1793571 983
1465091 2573
1890369 1681
1295586 5164
3002065 2671
4946963 4163
6013886 6389
1295728 6728
4922850 5013
5258010 3698
5258017 3461
1306769 4104
3552301 2988
3035537 6311
4935039 6577
1316693 330
1316694 2127
1316698 1537
3003086 6525
1302429 3813
3268171 2421
2131459 1074
1308844 6830
1302425 241
1796778 5808
1870436 1588
2336737 2161
6041200 6581
2336735 1417
4712730 1547
21941283 3756
20376577 1281
1306506 3827
2267369 4238
4316668 5953
2156723 5664
22790508 4361
6518753 3470
3035533 4953
6518754 2895
6952149 2559
4847665 5012
10756537 5076
1547134 5501
1494897 1938
2277409 5553
3285088 4721
1300353 2954
6905169 2483
1300359 2073
1867332 1005
1297611 185
1867335 2839
3024983 6461
1303751 3174
2018076 2658
6985986 4918
20266747 6834
1439205 4771
1962508 454
1863102 3732
1440742 2140
3073198 3771
1905462 1023
1417555 5608
1849652 5941
3072822 4539
6396709 6145
2058846 3912
2009342 3904
3824274 2562
5256160 6909
1417084 5395
3288397 6771
5308201 4315
1401966 5515
1293511 747
1326038 1509
1293515 133
1296569 5854
3103683 4049
5262031 1253
1420010 5186
3022209 555
4301043 3979
1886965 2843
1315316 899
1295260 4761
1916936 61
6794391 2067
6794392 4401
1303073 4128
1303075 2783
1303074 3753
3737102 2434
2296025 2058
2279587 6004
10455655 6681
1826173 5683
6011806 1338
3069864 6927
2144485 1698
4312800 6917
1292640 3048
1292642 4747
25775642 5508
1292646 5077
10765742 6018
24700578 1746
1295527 3105
10563743 6953
1465037 4806
5422105 668
2300573 6737
1465035 6326
10344754 1404
4202127 3034
1302210 239
1424218 935
3837495 3970
2132486 1078
3418187 3043
1482709 5140
3182864 3948
1301746 235
1299112 3800
19973780 6534
1873750 1011
3730636 2682
5151892 4395
1951175 5144
3818565 4491
2295831 6780
3436659 4109
1307597 5975
1307593 284
1306249 1504
4019449 5369
1301566 5313
1293993 145
3041294 1142
1906391 6882
1432436 3718
3395437 3430
1306662 274
6558801 2475
3070319 4242
4091908 3976
5323957 2462
1422954 6432
3110762 2039
4751270 2449
1422957 352
3566540 3746
20452294 2933
3017813 4951
1294732 3097
2147055 6120
2070367 1462
1422952 351
1298647 4698
1298644 2621
1805685 6001
1296821 783
1296824 2756
3338879 3575
1296826 2260
20515031 4208
1296778 2965
6874567 6843
1296770 2183
1898729 5548
10756499 6676
10484041 1561
1300161 5769
1308379 2117
1305530 4667
1917577 4734
1298397 3540
2153963 1086
1433342 1583
1441060 3356
1441794 3357
4917698 662
5318669 1483
10462705 2719
3021273 1139
5318665 2460
11540750 1617
3214137 5576
1920805 2721
6800483 5332
6875615 5291
1297280 5510
19963896 3566
1855204 415
1461226 2537
10876425 4478
6085356 2597
3299241 4073
10540066 5450
1418519 3010
3148027 1167
2346881 4998
10558252 4404
1309297 326
11531725 3578
1304915 3181
1299932 5719
3018453 6901
1299282 3765
1301498 4409
4236817 5828
1299287 1888
1299288 1411
1300946 817
2265098 6412
1921686 1027
1436846 2331
2382364 2389
3072124 1150
2137298 6226
24904361 6257
1308960 6509
6731985 6013
3734350 606
1927686 1683
1293702 2251
1870811 6960
1293708 3749
11577177 3484
6389526 6776
3047989 5980
4217513 643
3895511 1787
1949129 6795
19973312 5971
4022142 3522
1295703 1623
4711195 1797
4049928 3444
4832825 4897
4189694 6140
4189695 6278
1478259 1660
2989755 1754
3356340 5583
22555690 2885
1963070 456
1306523 5783
1306526 1908
1972698 1042
1306524 6673
3815848 6743
1463787 6532
20438548 6894
1431867 5032
1437883 4456
1308582 5026
1437339 5139
1308587 2630
5374383 3633
2156704 2373
3439443 6369
2279825 516
24870066 5377
1946839 4830
6778677 3026
4905032 2583
3814081 3969
1482103 6214
1301174 1604
1301171 3159
19969446 4353
1301173 229
3195101 5001
2181930 2377
1300374 216
1300377 3804
1300371 5796
1300802 1603
1907966 1309
1441473 3729
1388216 333
1297363 2617
6601382 6313
3389591 6276
1461253 5570
2245679 2380
1401962 2962
3121610 5047
1417576 914
3292949 2508
1293285 737
1900121 5054
1294947 764
1419581 5052
1294941 3101
4728507 6527
1419582 3851
3072804 4071
4016551 2436
1294948 2615
19973397 6919
1298070 791
2976123 3404
1417753 1644
3005387 2672
1767197 5702
1914923 1025
1296011 168
2182116 2378
1891179 429
2147854 2605
1305279 1632
1947719 6152
1304490 3588
20388242 6465
4873490 1402
2311147 6207
2311145 1740
2034948 4091
3742987 5187
1308005 4082
1303723 1900
1303053 1430
10442182 6826
5308265 1861
3401684 3959
2051770 3509
3823881 619
2003389 1050
6759229 2478
1850797 4941
10527288 5639
6719716 6036
1292629 6332
1292625 2740
1292624 114
1295933 3111
6890730 1486
3715144 6321
6786002 676
6522269 2211
24321344 4775
4111346 3628
10827168 7025
5986494 6750
3626416 69
2977357 539
3690289 1473
2357708 1110
1895120 2353
1302235 2777
2054932 466
2054933 1060
6435936 4602
4904026 2065
10604486 2509
3641108 5009
1299131 2764
1299135 3142
1370276 2802
1422992 934
4030411 4890
1302090 2283
2297275 5205
3397503 2569
3240843 5649
3543956 4885
2295811 4857
2338058 1950
3024826 5688
1782004 402
2338056 5885
1782006 403
5265130 7073
1871817 2148
2024900 6183
3564292 1194
1300498 2277
7065417 1599
1294713 3096
4798707 1989
1484760 1459
1421976 5516
3338851 1543
4312428 4896
1866475 59
1294570 1880
1866471 1004
3332541 3051
1866479 60
4191745 6922
4930406 5599
5152333 6906
24839585 5654
3718665 6308
1433360 1512
23780577 1313
1305046 262
3134145 6437
3273898 3019
3273895 3018
10577869 2533
4074292 5972
1484187 1277
1856682 6815
1468985 4810
1401535 1432
1401533 3598
1888063 2844
1296717 176
2251195 6205
1296718 6910
3531012 4883
5384550 4006
3004244 5741
7163768 6859
4919019 5069
2132736 2194
1297000 5385
6846495 3475
1297003 3122
1297009 4121
1905786 4628
1947549 448
1304648 2108
4829835 5954
3266407 6472
1304641 2227
3692611 3439
1304643 2292
1304642 258
1304397 841
1304646 5722
4300525 1481
3149755 6950
6799159 4917
1780330 399
2117898 5114
1790410 2651
2303163 521
1457707 4802
1304026 4129
1293492 5161
1452554 3860
2154743 1709
1849026 411
1459368 1650
4135702 2695
4135704 4265
1298869 3140
1295547 2751
3011091 1132
3011093 1438
1316499 6778
3578756 2173
1301865 2282
1358386 5243
2279152 5238
1302393 6211
1845617 6053
6782006 1822
4249704 7045
1306893 6324
1306894 2905
1950148 1038
1765848 5037
10793510 3502
1303559 1897
4924142 2457
6957293 4095
1302176 237
1305804 2110
3610967 2198
5450891 1257
6843843 5227
1306098 3194
1938923 5813
6778650 5600
25704580 4642
1810519 6867
3006416 6262
1810517 5194
22623816 5203
3892449 625
2327493 7034
2124507 478
1299092 800
3402975 3673
3718782 5436
2270496 6499
1301156 6716
1482911 385
5416027 6384
1918027 1943
4226741 2700
2157188 491
20415220 4200
1300820 6443
1294387 6290
20415226 5786
22759660 5254
3999737 1477
3901418 627
2132941 2934
6383567 5288
3731581 2555
1294829 763
10756863 3501
3073158 1541
1293265 3079
10539856 3719
2994851 4188
1294963 156
3642843 1594
3612790 5949
3256172 4542
1298052 3136
1460341 4803
1295045 157
1296528 3116
3908423 2592
3018122 554
6874456 1296
1293004 3317
2072478 469
10531206 5239
1891157 6260
20426994 6362
3326764 6165
2155359 3920
5319819 2461
1305257 5129
1305703 3192
1787819 5540
1787818 2650
1369831 5846
1427789 5517
4317671 6141
1919886 5361
6534248 1285
1294019 6107
11499033 5049
3356338 2870
1463762 4934
1292352 4563
1986910 1046
5028536 3986
4804079 1291
2255999 5046
1584898 391
3914500 1560
24464262 4240
3026635 5152
3026633 3661
1830577 6546
1401873 3848
3915458 5827
1762834 2144
2142656 485
4903614 5396
2295783 1738
1303967 1901
3230092 6231
3814389 2175
3445526 4156
3032912 2541
1295374 163
2073623 6758
5286821 6035
1304282 1902
3240828 4875
2995158 1756
3071624 4019
1752069 4624
3994104 2044
4066206 1439
6722888 1821
5323911 1255
1477448 962
1465819 6347
1298603 2267
1437275 6468
1308627 4960
4850563 3455
2343491 5575
1308620 4754
1296867 5782
1302434 3302
20515071 1461
24530627 4578
3391271 3429
1997938 6086
2338071 1106
1300618 220
1300616 2279
1294595 4442
1862151 419
1305066 5723
1305067 3821
25805051 7042
1305065 2625
1305060 6068
1305068 3184
3212400 5269
1293647 5717
2229555 6516
3077668 564
2277051 4742
7052699 7060
3155971 5231
1959005 6993
24879770 4596
5446226 5357
3033092 3266
10833923 1301
1400935 4134
1305394 6069
2330828 5655
1848200 6897
2330821 4858
6714078 4914
10574468 1405
1299510 4062
1293929 144
1299513 2716
1293926 1998
1293925 3750
1296736 782
2208924 1716
4051608 3973
3222657 3666
4023725 2689
1764361 5247
11534824 6351
1304624 1903
2287750 6712
1305934 4017
10439235 5996
21871405 4013
3249742 7010
2042975 1056
3077840 6287
1849003 2652
2154765 6515
2229427 3925
3097044 1161
1296196 12
21327878 2025
4745364 1316
2333001 6853
1861411 1434
1295568 4100
3058386 559
5966609 6387
1306916 6920
1293749 3320
1306911 855
24736566 2540
2240990 4419
1915312 3892
1303394 1627
2993424 3743
2160933 3383
1308858 4197
1295746 3108
1298596 3796
1302379 4506
3075287 561
1302377 1830
1607471 392
2253577 6517
6873657 1444
4851900 1800
1306870 1910
4832288 3454
4293234 647
1303577 1983
10508907 6657
10508901 3772
4858775 2205
2131161 5615
1438093 3244
1839857 4319
1307474 4727
2279817 515
2081098 4150
4944034 6382
3074717 5106
3198015 1766
2034166 6921
22523273 6876
4151284 6904
2988294 6501
3003826 5443
1845639 5143
10877415 6682
24859462 6707
1462703 364
3160947 7016
1946877 446
2328234 6615
1787277 3560
11502889 2240
1865012 1003
11538029 4366
10576419 1300
4256328 1235
6006087 6580
3680627 5328
3003093 4950
3563200 2428
5044737 2066
5044739 4901
5416009 2466
3564159 6438
6972876 6968
4246437 5622
2361386 3933
5298995 6792
4769314 22
1299265 3802
1307899 6072
1307897 3999
2294255 6206
1299261 1887
3882790 1215
3033954 7031
23856234 1745
1459804 6192
3033959 5529
11612512 6955
24749076 1523
4265409 5715
2980581 5471
1300267 212
1300266 2768
1300265 3151
4154555 3978
10740251 5240
1308456 7068
1308457 3836
1872270 6533
1308451 5591
1872272 1010
2343687 6523
1298038 193
3238087 4072
4320237 5537
3642866 601
1864990 5773
3646523 1201
5332630 4164
1293028 729
3205571 1178
3326747 4394
1292994 124
2222629 4521
1389915 6933
1305725 2001
1305724 2296
1305726 5315
1760104 2827
1864199 1002
1292547 3778
2051554 5415
2150220 1085
1308040 5680
5972040 1259
10746175 2878
2044463 4515
1303769 6480
2241057 6791
1859845 6611
11520120 3636
1458862 3644
5151939 2558
10606004 2545
2028634 4689
1292371 1872
1292370 106
3036473 4241
3036478 557
1299811 809
4074733 4647
3158429 1763
2996114 6662
4707585 2204
3023172 6689
4903581 5872
6101776 6858
1469049 3867
1303184 248
1937502 4107
2983271 542
2157239 1711
3011460 1134
25736048 5541
1307649 1573
3097525 3945
7051900 5340
3736691 607
1498593 6196
1498592 5730
1498595 6483
1498594 5731
4005190 1220
1578646 972
1303987 6232
1795462 6869
1303983 3175
3073760 6760
6383557 1962
21371652 6634
6126439 1961
1459021 955
3227319 6887
1997685 3652
1370237 3846
1997681 2851
4207036 6235
2117911 474
1588704 6298
10733357 2237
3681259 5896
3014302 5474
2378756 6466
3040418 1988
10794042 4233
1301726 234
1301720 824
1301723 3333
3017651 1138
10508879 6460
2364074 3263
3017655 5407
1294756 1881
1294753 6025
1308609 295
6861573 6979
1302638 2982
2982823 5260
1298624 796
10733231 6873
2363863 4861
1863384 6990
1301859 3810
1301853 5920
2338019 2502
2043154 6436
1301582 821
3431336 5479
3279107 1190
1440937 2818
1305003 4751
3060542 2577
20515892 1518
2334073 7037
5247088 6142
3071461 4173
1299680 2273
3071469 4693
4073750 1229
6844861 7026
1861172 6874
3114200 3414
3586725 4547
1297229 3127
1297598 1345
1297223 2097
1481825 6195
4920528 1482
1481828 4344
1300186 1626
2080130 3615
2080133 1065
10748074 1287
1300183 6471
1294315 4117
3993553 4436
3993559 4051
1764342 1666
2045259 1058
1304609 1453
1306454 4725
1309237 325
1304607 3178
1304603 5802
1304602 3177
4844903 2718
11498731 6766
2158647 4851
1305915 5507
6799191 1266
1464368 54
5415301 4695
2154781 4849
1898121 1022
1400666 5647
1400667 5394
1400665 2317
1400668 2318
1401135 46
1401137 1643
2284851 2886
3986125 2556
5364952 2707
1293765 2252
1293764 1493
1293767 4116
1293760 6272
6845529 6765
1760828 6172
5318758 5495
3134061 2167
1306939 4451
1299990 3331
11443810 6493
1303376 1895
4301215 6713
3264045 3424
1307181 2628
1302355 2778
1307186 279
1808041 3881
1831581 6799
1308987 311
3196667 6230
1308983 4001
1308988 3305
1308989 4683
1394324 2315
1756889 6197
3210959 6952
2052978 3613
1870128 5195
2052973 5973
4290704 4023
1306583 6163
1306588 6494
2074564 4356
1299335 802
1830189 3883
2301077 6720
3006327 1124
1762813 6420
1946890 1032
1300185 5545
1299059 2269
1871836 1008
1299054 1372
1307456 3202
1307323 281
1307322 3543
1302133 5892
6537486 3279
1438708 946
1301445 2104
1301119 226
2210143 1092
2053515 1059
1472783 4430
1300868 3000
2157146 6203
1300860 223
1437390 5432
2567647 5554
2567646 2163
3178770 1283
2225432 6621
3775167 3965
3775163 1335
2294273 6234
4798888 2450
1291999 86
6870246 6156
4321270 650
1291992 698
10543906 5889
10543907 6945
25785314 2504
6771529 2480
5336877 6787
3711718 6871
1293225 130
1293226 131
1742565 3645
5384573 1810
1300242 4984
10740275 7077
1294927 2614
1294252 1973
1300246 3015
1294929 155
4191644 1440
1771061 6217
1308476 4926
6307447 1864
1296553 780
5950117 670
1293072 6475
4914642 6714
1296078 1602
2363506 533
1296557 6344
1293590 4098
1293596 751
3806748 6786
10769694 4604
1397546 3349
4889554 1318
5908473 6989
1305211 2626
5908477 4341
5908478 2709
1763834 3362
2147836 1851
3077413 5911
3073117 3664
3789921 3966
1302325 240
1297128 6237
4250623 4923
2132894 3031
3005365 3040
25790150 2035
1463961 957
6714930 3747
1947114 1944
11599155 1618
3671995 5011
1829654 2347
1299837 209
1424746 4990
5938000 6986
3023155 5201
1827042 4627
2327494 523
3737098 4304
3319741 2422
3914547 5714
3614515 5950
5413796 5373
1302836 3291
1302832 4011
1308520 3213
1870801 6757
1788392 4961
1929436 3998
1308523 3591
1875320 6484
2375043 6208
2996790 2887
10864713 5109
7015793 4392
7015798 3495
2995112 7071
1366853 1929
10467125 6975
6431054 2530
1427980 5244
10733376 1612
1761700 6619
3040438 5217
1306130 4497
1306133 4792
2133318 4018
1308660 2118
2364054 2162
1294000 1344
1294007 3090
1883701 3888
2974280 5470
1883707 2842
1301876 5391
3002819 545
3999549 3683
2043134 4836
6057942 1815
2950496 6544
2277018 3742
2277019 6759
6124012 1263
1860656 6644
1297203 787
3087483 1418
1410695 1933
3114220 5346
2977731 5594
1293964 2
1851857 2350
1300656 221
1299550 2272
1300659 4787
2002954 1049
1439890 2536
4308001 6429
1441602 360
4202982 641
1297068 2095
3387546 2871
1309218 4685
4122194 6404
1309211 6074
1309210 2125
1304374 255
1309217 6116
1299799 808
6390761 2471
20452308 6972
20452309 6821
5160385 5932
1305978 3339
1401487 6643
1815638 989
3986493 1217
6070226 1596
3217894 2418
25711542 6245
6511042 6161
2173190 2860
1298207 6445
1298204 4784
5364978 5967
1465039 6043
4301181 3629
2982064 541
1465036 6182
1295520 773
1295831 3583
5364976 4311
4917705 4651
1296332 5425
1296334 1884
1296339 1370
1293785 4480
1293783 5162
4068362 6717
1306951 2300
1306955 1307
3629206 3435
1865943 2838
3010195 7003
3808604 614
10793719 2710
3212352 3950
1498658 388
1295783 5424
1295782 3109
1433588 6930
25834500 6251
1292784 4114
1292785 4367
1478789 4040
1292780 1408
1292781 3069
1303535 4227
4190211 2439
3291376 6593
2282449 4488
1921465 6956
2382939 2195
3162953 4489
2085020 1695
2085029 1696
10772258 2239
1889643 3889
1292434 1425
10744808 5760
6006335 6012
3006302 2164
1301686 3163
3006309 2399
1301689 3164
20270414 4236
4881202 1958
1472238 5729
3761148 5306
1299035 203
1303823 6481
1774223 6199
2272257 5552
2213591 1393
2213597 1093
21798756 7035
1432676 4614
1438760 1648
10945551 4778
4271541 3688
1307306 857
6888711 4706
3610676 4074
6888712 4425
2016418 6645
1972701 1043
1301465 2774
1306303 271
4861417 6773
1866075 6495
20473389 4837
1768941 3876
1299786 5108
2264216 1730
1299782 5676
2357381 1841
4915135 4386
2032605 6261
1439831 1275
2042186 5965
1294490 150
1294496 5185
2042181 1948
5256418 664
3269018 4600
1949128 6497
6781990 6406
1296925 784
1779509 5344
3016201 6940
1898357 4230
3562446 4376
1293202 6476
1293203 35
1293200 129
1467044 2334
1293204 735
6129706 4438
1300220 1827
4728584 2714
24695264 4675
2156698 489
2049435 1589
3993708 630
10441571 6178
5342776 3462
1442129 951
5951228 3988
3021607 6454
1817169 1586
1307187 5513
2155335 4518
1292757 4780
2277204 5984
1417868 2967
10465145 6149
3024654 6699
1400144 336
1291545 684
6753079 3025
2153480 4517
2251569 4740
4067541 5276
3016210 6926
2079017 6646
1307941 5900
1764796 4814
2464346 537
1418677 5381
1439286 4618
1292335 6296
1292846 2951
1292337 3315
1292331 1531
1292330 33
1292332 1363
1292339 2088
1292338 1871
1292849 2742
1766792 3646
1970134 6563
6839145 2481
4305436 1401
3155477 2568
1580620 5221
3369765 6722
3212965 5755
1892510 1018
1892848 432
1304141 1503
1394825 909
1960302 451
1297862 2262
1297863 2263
1297866 3134
3893386 6723
3893384 5368
2028677 1540
3401355 3432
1394176 6656
3096161 6132
2361266 6112
1295644 165
4097023 638
1295647 2258
1295316 3323
2154458 6779
2979528 5713
1295318 4443
6837235 5289
1325005 5136
4307349 5490
3864351 4552
4202090 7027
1419297 922
2372011 5819
3569943 2430
5279593 1319
2357719 4674
6430841 5968
1509868 2644
4924799 4387
2357711 5947
2357713 4673
2357717 3762
1470346 5316
1306154 2112
6536180 2473
1456204 6540
1456202 6075
2133337 2157
1793915 2923
1302673 5627
1793912 408
1302678 2285
1870682 2925
1870681 425
1301899 3166
1301897 4126
1301895 5844
2248934 508
1301890 827
2075484 6200
6855115 6254
10535447 2992
3035782 6847
6402151 6629
6017331 1261
25758898 2034
3120336 6368
1482394 1662
1295148 6864
2190973 4635
2190972 4520
6402464 5604
1765014 4309
1959063 5895
1291543 1270
3371652 3958
1291546 25
21966374 4969
1291544 1323
5387025 1320
1291549 1354
1291548 685
1297260 6064
1293818 139
1297268 5912
1761848 2081
1498825 2825
6778368 3574
4920563 2595
1301328 1605
2266113 6903
1310153 4453
1299576 3143
2002683 3375
1457319 3246
1310159 2798
1299578 3144
1293941 3582
1440973 2012
1440971 1649
1440974 2013
3041493 2408
2159331 493
3233761 582
3113058 4871
1304310 254
3431735 3960
1862397 3885
5288887 5017
1294689 4503
1298199 1347
4145476 3449
3078514 3413
3078517 4540
3213173 4598
1296684 4782
3172300 5154
1293414 1876
1296132 5310
3813779 615
25711527 4231
20505641 4757
4126925 2892
4172621 5448
1464907 5197
3023296 5619
2303292 6521
2082209 6816
1295815 4979
1296359 4707
4917726 1549
3745292 2683
1779379 6079
1303333 4305
2256034 509
5905756 5309
3394878 5478
3718457 6594
3504940 1526
3008892 5544
10735399 6803
24529254 2997
19961347 6651
6557030 6297
2998412 6128
3711725 2432
1850521 413
2085004 2852
1299378 3637
2038365 4147
3007819 4285
1292450 110
1299374 1412
3007817 4537
3003842 1123
1428421 2076
2301032 2387
1307146 6618
20395646 1967
6538833 3493
3596513 4158
1755390 1664
4275444 6905
3291930 1773
2124586 1069
10763157 2238
2154868 2857
3442220 2425
1756844 3250
1307490 5403
1307493 4682
2154862 488
6515363 6146
1301409 3808
1301403 819
3014557 4393
1306367 4702
6527170 5982
2032952 2659
1465415 5034
5370353 7074
3676686 1202
2971867 1116
1954775 6223
5265471 3525
1308784 2304
1298761 2761
6781971 6047
2363925 3558
1972721 4320
1296909 2070
1972729 15
1293889 2749
1300754 816
1300201 6255
1300752 4449
6828823 4566
1307955 288
1431688 2806
1431683 2805
1431685 1580
1474243 1384
10755097 2216
2248747 6550
1436680 2915
2091938 473
2057552 5468
4810698 6978
1796986 3879
1467023 5901
1889320 2845
1889053 2352
1297747 190
1297743 189
1293098 3546
5294283 6023
3893814 6099
1293088 2090
1858192 6315
1461079 6434
1292864 2989
1292867 122
1292869 4973
1292680 3067
1292682 724
1424702 3352
3158449 4422
4707528 6405
1764842 2921
1292850 121
3158440 5476
1768351 4229
3018524 6800
6517421 2053
6738760 5499
1892531 4501
1892530 1020
10831449 1614
1292329 1424
2157295 2859
2136204 6547
3213233 3745
3011373 4081
1302874 829
3005588 6572
1295485 3104
2372543 4949
1306606 4507
1457573 4932
1293626 2747
1388180 905
1457575 6635
1788602 5902
2978639 2395
4063063 2692
2028650 5058
1949005 2657
6727679 5661
5966507 5286
3632506 6789
20451335 5215
3632509 5008
1303217 5176
1456197 362
3230813 6913
11524486 5745
3569969 1472
1307775 2115
10806395 4089
1857175 5317
4082304 3448
24735062 1749
2156528 1391
1421721 49
6887029 4494
1482297 6348
3737278 5483
6424184 6393
4821046 1242
25728590 6678
5910040 5603
4896263 659
3006772 1125
2214123 1718
2214122 6598
3285642 5003
1945253 1029
1718150 2338
5377640 2708
10743974 2488
5370010 1256
3403107 589
2567521 1332
24740959 4765
6549903 1608
20429054 5236
20429050 4562
1291568 1868
1291565 78
1291564 4966
1300926 6066
1291566 9
1291561 1356
1291560 1564
1291563 3579
1291562 2730
20513355 2024
1297248 3128
6973376 1419
20279443 5685
2148836 1699
1471928 6457
1783774 2189
3991933 2873
1301342 4788
1925032 5812
1301345 230
1941319 2849
1310178 4414
1310179 2800
3707070 3677
1310172 898
1310170 4704
1310176 1925
1310177 1575
1310174 3844
1299593 3713
3154003 4185
23749724 6698
2042226 5712
3543262 6807
3179706 2417
3073079 5530
4937405 6159
3231824 6861
3073073 4374
3073071 3663
1304338 2291
1304337 3818
3089689 567
3880545 1546
5320600 5292
2373209 7047
1970437 5943
3105588 2972
6866815 4585
1295490 3787
24875629 3050
2017805 1947
3302803 6996
1293433 5050
1293434 744
3305873 5004
2189090 6985
3008256 2401
3008253 549
2156064 3033
2156060 3921
5919662 4226
1298245 4608
1298244 792
1296370 5588
3534824 3675
2000741 3374
4728076 3691
5681026 3573
3652302 2680
1308129 3207
24708811 6705
4881274 6599
1308120 4509
1401375 6606
2286012 1735
4139888 2048
4049700 4378
4195628 5278
2342568 3494
25140779 4530
1394348 1984
1871589 3606
1793491 57
1295873 3789
1295872 2752
1295870 3110
6963575 5228
1401196 6029
24845107 6856
25800837 6160
10586620 2975
1292472 4745
1292474 3060
10467779 6818
1908459 435
4888015 3524
6425116 5088
3748544 4959
4301274 4555
10759926 7070
1307163 4105
1890569 5222
1759371 4417
2062678 4739
4291275 2973
1306692 1909
1824414 4288
1824412 3882
4291272 1236
10561898 1
2259830 2385
2136071 3258
1307345 5133
1440348 4768
1465786 5938
1295292 770
1474405 5233
3227266 3419
5036969 6383
2215609 4672
1476023 4172
5296754 7029
20471876 6584
1550445 3602
1295120 158
1298405 3795
1295124 159
2225321 2864
5361544 4165
1301646 1891
4111400 1858
1301649 822
1291976 2947
1294457 4099
3699737 1204
1483808 5090
1298744 1371
3227844 3017
1294181 4441
1294183 758
10508896 6999
2057166 4839
1938587 4828
1306439 2566
2143336 6003
1300774 3155
10794834 2217
1853768 5609
4913214 5355
1578663 6078
3439943 4186
4841238 654
3387483 2521
1819388 409
3882715 1785
1340517 2991
2248761 4638
11629291 6788
1986567 5182
1292454 3059
3987806 1218
1297187 3125
25723905 2033
1418752 921
1299436 4983
2977870 2866
2224146 501
2367134 5442
2162905 6110
2025154 6893
1297763 3764
1297769 1304
1786743 406
1786740 2344
2997063 4421
2154390 1708
1307906 4795
3021640 1757
1790754 2922
1921583 5434
2369845 1467
4925398 2596
3104794 1163
3104798 3485
1304102 2225
1428878 2135
2969402 3936
1428877 1836
3262918 1399
2027742 3376
5319835 74
1939690 5926
3005875 547
3075070 6487
1295469 164
1947288 6164
3213250 6135
1947282 1035
1304676 1904
4051753 633
1293607 136
10748492 6804
11537964 5105
1293603 135
1419901 2914
1419903 924
1419904 6943
1309027 2307
1946776 3898
24860305 2031
2999500 5200
10748498 4088
7015732 5014
1941242 5056
5966523 6490
2359442 3400
3619100 5673
2044201 6428
1303451 2955
1303453 5303
1830590 2833
1303456 5672
1303459 835
1303458 3816
1303801 3817
1395080 1931
6518638 4565
1307755 3340
2081376 472
6755346 4094
4883425 5492
3074307 1469
3074303 3943
2133370 5842
3039805 6802
2133379 4181
5149279 1990
3014387 2576
3445586 4157
4900088 6970
1451563 5592
1783461 4817
1783462 980
2214140 3388
3660508 4548
2978211 5150
3811356 4663
3217150 6980
2160439 3259
3217153 1182
1297979 5640
2190931 1714
2190935 1715
2190934 496
1779689 6080
5273304 4054
5273302 7078
1325958 2637
1307363 3590
3011102 2402
1300904 4009
1299607 3145
1299603 806
3730702 6372
3091572 6131
1301367 3332
2210241 2862
4917908 4252
2035007 6293
1437204 2492
4917905 6556
1793909 4080
3077791 1158
1408100 47
4095296 4694
6010087 5757
1427034 2803
1308575 293
1308573 868
1308570 292
1308579 2797
1297517 4032
1297514 4980
10808442 3569
3012009 5262
1297518 1499
1296172 777
3282396 5821
1296177 2733
1293456 3319
4751653 3453
2348020 1108
3794489 5825
2326686 7019
1305197 1905
4828296 1244
1304868 4411
2334904 524
1806555 1387
2368587 3264
1295106 5586
19967861 4968
3025809 3411
2376071 1113
1296390 2754
10617163 3496
10617168 6397
2123782 3915
5247055 2200
4135434 4264
5247059 4902
1305440 3189
1863955 3368
1301887 5720
5948622 4256
2978773 3405
1303590 1628
5912992 1484
1295858 6108
3314871 6839
3314870 1775
1434184 52
1369747 5
3026572 4272
10439879 1609
1461351 5193
5403927 7013
5681006 5308
1292493 3776
1307106 1349
1873535 4995
2270388 2026
2379039 4339
1307970 5025
1308817 304
1308810 1638
1303847 252
1308819 305
1432699 6171
1459767 5192
1296266 5080
2119417 4840
10577737 2213
1780168 2342
10577739 2214
2119419 4841
4217426 2049
1920799 4735
1920798 5055
1920796 1329
1408298 2321
3920977 1476
6013501 4056
1419136 5337
2042437 4928
1298468 199
1301996 3564
10527275 7051
3236904 2419
1294433 4696
1294434 4977
2364973 5072
1294438 4978
1815485 4819
1300575 3154
1300572 1889
6436783 6630
1308748 1637
1308749 1920
1298728 4981
1302718 3814
1308746 5178
1308747 871
1308741 2959
1308742 3592
1308743 5027
24284844 4641
1796007 6505
1296947 3120
1301198 2772
4111340 6335
2053598 6976
3793023 1400
1431648 2136
3430169 4544
10736586 1844
1298093 194
1926795 5910
25698722 1952
2995948 3406
3053521 1953
3882772 1214
3626372 2890
4718369 2448
2248707 2381
21331055 4844
2270545 514
1305294 4611
2270548 6928
2224160 2863
1292962 3074
1423035 3854
3443393 6823
1918648 6896
3184594 4873
1888671 3011
1293846 6322
1293847 1878
4202204 3489
2129170 6202
6101834 4912
1307922 3205
1764730 1667
1309192 3229
1309193 3230
2245704 6948
1309196 3231
1309194 323
1309199 4
2157507 2375
3731718 6373
2157504 3922
2010795 6173
1766827 2188
3805091 3968
3095189 2411
3094580 6492
3114898 6133
2054026 4284
2054024 2004
2076181 2365
2262119 6551
3131599 5607
1417999 3350
4258485 2525
3262939 1187
1304476 2107
1892578 4534
7051357 4970
3566266 4307
10759851 2720
21248460 4576
6753589 5855
3213270 5065
2372586 6365
1652618 3759
3012053 5556
6729121 3474
20088223 2604
1419969 928
3862627 621
1292396 1873
1292829 5019
1419965 927
1295622 1974
2073809 3741
6301361 6613
1465689 2015
1465687 4620
1295629 2094
2063068 468
1578487 4962
1773216 5613
1773217 2341
3240208 2506
7015714 5691
4862211 656
3236157 7058
6008287 4910
2153579 1704
2149047 5525
1303436 5628
1307739 1378
1358421 3346
2004613 2358
1428108 354
2978184 5326
2002924 5334
2058735 467
1299256 5919
1292533 3777
1292532 3062
1292531 3061
1299250 205
4832564 2452
2133390 6749
3412830 591
1856299 1677
2214169 499
1768884 2017
2279941 1734
4176576 5656
4176578 5370
2983434 1753
1471507 374
1302522 1999
1762492 4504
1845597 2836
3606975 2209
3606971 3963
1316572 900
3606973 1198
1418189 343
2190919 5669
2190918 4852
2190914 5384
1418187 5137
1299624 2765
11516684 6184
3065350 6817
1300960 818
1300966 3807
3302627 3955
3041749 1143
5387041 3464
3156117 4375
3136371 6312
1301381 5798
1465668 1656
10553029 5390
2252771 4237
4159499 6058
3179741 5435
1294371 1533
1294379 3093
1308554 3214
6307506 7024
1475579 3599
1475572 2335
1297570 1272
1297574 182
3882839 1216
1297576 3791
5503303 4389
1421886 6617
3136488 3415
2173112 6600
1296629 1624
1296628 175
1293475 3081
1296157 3556
1296623 1303
1293470 746
1296153 169
1300038 5860
2004482 6659
1305605 2788
5908516 4718
1980737 7015
1998649 5837
3013046 2869
2009392 4146
1308162 2796
4086853 4476
2148295 5815
1305466 1847
10539139 6511
1297399 5700
6082522 6603
10597928 6431
3103678 1162
2978752 3265
24873798 3492
1777408 6735
2287261 1736
1292701 4748
1292703 726
3009161 3041
3718447 2522
2346994 5212
3009168 4432
1979076 5318
1830126 2831
1461370 5404
1298183 4448
1469165 368
1299398 206
2056693 65
3026555 4152
25662049 6331
1849337 4820
1849336 5735
4271894 645
1302958 830
1307125 4175
1304730 2785
1308838 307
1792928 407
1308836 6414
1308837 3342
1308834 1921
1308833 876
1308830 2635
1308831 2717
3157605 2415
4116975 4553
1307389 1274
1395471 3641
1788431 1940
1307384 3200
6957273 1267
5377114 4255
3006123 3940
6433905 4564
2027933 4431
19973423 2883
2027938 1415
21320289 6424
1298917 4589
2249496 4855
1298443 3138
2357304 531
2357302 4860
3681358 5274
3645150 5010
1301974 1306
10527257 4427
1482132 383
1308767 3217
1308764 299
1308762 3593
1308763 3639
4059087 3445
1300551 4218
1294140 3282
1291937 1869
11525705 6409
1422948 3853
4018324 5535
1917160 436
1302770 3532
1302776 4662
1437622 6408
1306381 5402
1296693 5794
1781636 401
3087439 6258
1306470 3197
1306471 1633
1306472 5096
1308491 1636
2287864 1737
1308498 867
1308499 4360
2330733 5687
2228525 502
2228522 6835
24849703 5759
2060184 2364
3439456 2172
3439455 2042
6080775 1262
3882759 1786
10745405 4025
10467774 2054
2357343 6452
3928370 628
3101989 5557
2344755 4525
3101985 6536
10532735 2212
1297148 3325
2761775 2393
2062944 6089
1297145 179
1297147 2096
23127631 4191
1309017 4219
1293867 142
1293864 5398
1309013 5682
1309012 4684
1309011 882
1309010 3344
10747804 3568
2130163 1390
1293868 143
1309018 4039
5349275 2464
4935090 5280
1461964 2079
3268493 3953
1439487 4281
5157137 3299
3546712 6575
1449845 5754
5345407 6863
2154354 1087
2263112 512
10760030 4972
1309178 2910
1309179 3228
2381076 4864
1472510 5464
1309177 6427
1309170 4413
1309171 320
1309172 321
1309173 5514
1866264 2494
4817018 6587
4848115 3694
4707237 6610
4707230 651
1457626 4710
1457624 3861
3141780 2675
1436900 2586
2076162 6421
1293399 1367
2138382 484
1293391 4115
1293394 5078
1293396 743
4022091 6314
1292685 725
2072848 2193
6018984 5624
1940094 4012
6129693 3287
1295428 4196
1296454 3114
1293135 1491
1433990 3770
1293131 3736
1293133 731
1296459 3115
21339675 2664
1750027 3724
1419941 4415
3008712 6129
1295399 1497
3330144 5666
1470614 372
10545971 2235
3158443 1169
3804891 613
2051402 6748
2336387 6268
1303145 2518
1303418 251
4926002 2527
1499796 4416
1305418 5937
3389558 1471
3168993 2579
3094909 2971
1421781 5124
5284554 4905
5996800 2468
5996801 1260
1292515 1426
1479377 2548
6537500 1597
1456774 4138
4294046 6951
3134871 573
1303651 4174
6011805 1863
3154908 6770
1807495 5571
1304129 840
5151890 5563
5151891 1251
1302542 5459
4253448 5489
4253447 6648
1860528 1587
1482366 384
1477206 5841
1299643 208
1299645 2766
1299649 4202
2142542 2665
2002741 1048
2002743 3534
2002744 5363
1300945 3156
21350570 4275
5993185 4055
5993186 2610
4848701 7028
2335122 1105
1457390 4931
1868522 6973
1818263 4512
3184479 1174
3743114 5066
1795628 4732
6873331 5335
6755898 6253
1776117 2645
20427168 6179
2422588 4465
1294353 3091
3819939 5870
1292285 4286
4172516 3275
1298114 2071
1298112 4447
2264715 4068
2148850 1700
2148852 6879
3684022 6691
2369613 6280
3582229 3434
2369618 5708
4090556 3975
1427319 5031
1427318 1578
2134294 5417
1940469 6884
1300055 810
1300056 4103
1305662 5679
2222762 7044
1305666 2956
1981645 6588
3767376 5621
5296286 6724
1758336 5036
10756709 5241
6390832 2981
1308146 4989
1303624 3335
10744833 2215
1305487 14
2028840 2361
1464452 6684
1464451 6683
1464450 6845
1292722 119
3018123 4869
1292720 118
1918696 6883
1292728 2089
24532577 3658
23055587 6558
3990479 2062
1304244 5123
1944900 5549
1944903 5305
3990470 629
20433139 6565
3718323 5824
10549223 2236
24751754 2392
2028659 1311
4043821 2045
4727962 5635
1304536 3819
1304826 1631
1304531 3176
3251306 5367
3742937 1210
20399278 6410
1303086 4450
1478582 4179
1303083 3815
1758487 2339
1459148 5338
1401282 5104
1766522 6327
1302977 3006
3111650 3744
1304758 4410
2988103 5420
1308859 308
5413527 3539
3075282 17
1308850 4207
1308851 878
1308854 879
1308855 3839
1308857 1457
1295987 5165
1780122 979
1966182 2153
2132290 1075
2973851 5568
5244092 3697
1395459 2983
3194312 1852
1395455 5752
1820156 1388
3134607 1762
2279040 7017
5262338 1806
1578723 3874
1422039 6117
3406437 6402
2078398 4148
1298930 2100
1428576 356
1428577 1579
1295187 5399
3609075 1334
1428578 50
2298964 4372
1306670 3829
3074482 1470
3226150 1965
1307507 5629
10508878 6918
1302753 2782
4838667 6639
1308709 870
3632505 6898
10508876 6350
1296987 178
1306450 6299
2248526 506
2248529 5960
1299348 5899
3071509 1149
1431951 5181
1431956 4798
1431957 4799
3718273 6136
2970087 2394
6080756 5218
1308047 3638
1294165 2220
1300537 3153
1466910 1658
1297126 4122
2075147 5416
1294634 152
6796160 3295
1301221 3160
1585146 974
4196227 2440
5382848 6014
1309032 5463
1309035 315
1941257 5043
1309038 2491
1440855 948
1431604 4176
1296535 779
1853176 414
4051761 1227
2152245 4046
1296534 5706
10493928 4567
3013580 3410
2990287 6570
1300282 814
1863766 3367
1856522 3604
6436763 4257
1309156 5804
4301613 6762
1309153 4728
10774066 4405
4892642 658
3768185 609
1878360 427
3430694 3674
3528554 1778
1298120 195
2377023 535
10567515 6442
3673923 4022
1905577 4713
6753091 5103
1294833 1496
1898223 1436
1860582 6054
2129132 2366
1298320 4681
1298328 794
1401618 6170
1295409 2750
11601131 2879
1468154 4028
1468155 8
1457219 1458
3284269 2581
1293118 5988
11623346 5974
7155241 5564
1308288 2958
3059403 4373
1305837 6028
3546595 1779
1309052 2075
1309051 886
10781865 5658
2377539 3934
3740017 4225
1457217 2333
7064681 1403
2043546 2590
1309055 2123
6984070 5500
4836051 1245
1309054 887
1477916 6878
11580479 2489
1303164 1375
1394268 3009
6811422 5075
6989741 6675
2347144 6854
6989744 3479
5240769 4759
2221708 1720
5360889 4209
10763164 1445
3933008 4263
1850660 5925
4816602 5206
3244128 5002
1401390 2641
1299213 6745
1292577 2950
1292574 3063
1465390 4935
2063533 1063
1465829 958
4904661 3020
4904662 3456
3250619 5421
2998340 2396
10774666 2993
25766495 6654
1902105 5572
5279575 5539
2276989 6518
3011049 1130
1307265 2790
1307263 4280
2210047 5095
1306029 849
1436868 5565
6514136 3992
5285669 5281
3230459 580
1765748 6216
3558661 5048
4221335 4381
1299662 5293
1299661 1500
1307372 3831
2375792 4463
1790859 4626
1304022 1502
3055431 4954
10600271 3289
3415993 3013
2031438 4716
1291879 31
1291878 697
1291877 1341
1291876 85
1291875 1358
1291873 696
1291872 3313
1291870 2490
3312633 4880
4846693 2453
4960076 2528
1878176 6220
1773614 4223
6894068 1552
1768993 5771
4062922 1957
1294621 151
1917313 6221
3268241 584
2051813 5694
4830478 2451
1300070 3149
1300077 6756
1300075 4786
2173157 4947
24702659 1747
2968611 1114
5295610 6049
3218765 5322
1418052 6040
2355582 3932
2355581 3399
3077739 1157
3447591 5981
3447595 5481
4223466 2582
1986021 3533
3214020 1180
3732699 6555
1463371 4804
4729738 1241
10571509 5838
1307862 6824
1307868 2535
1858270 416
5915914 669
1296666 781
2980609 5555
5365461 6825
1292965 34
3286543 4876
6062731 1816
3286549 4879
3286548 4878
1292969 3545
3193101 2511
1420088 6560
1295899 5587
1962823 3899
1867415 3605
3126187 2414
1789292 5142
1760622 1513
7916027 1268
5194471 663
2146939 6769
1851187 4821
3744545 6614
2056653 1986
2252778 2383
3173635 4472
2229576 6121
2252775 2382
2252773 4640
1440283 2817
2381810 536
1293566 1997
1293564 750
1417073 4002
1849371 2349
3792799 1475
3440075 6833
5250583 3576
1876765 5040
4154944 2874
1394520 6
2213550 4854
2059306 5044
2331133 4948
6749656 6667
3287613 6892
2300450 2937
1307697 3203
1307696 1915
1307695 1455
1307694 1914
1307690 1454
2971730 5063
1858802 999
3992384 6761
3564315 5273
4022090 1790
4739986 3452
4924694 5660
1306610 4429
1306612 2074
1303203 249
2230893 6411
2230890 4462
3530988 4882
1422909 5189
1422908 5086
1307527 2906
1308722 3215
1307528 1848
1799209 6082
10472700 6992
1298759 1410
3649049 602
10535568 1562
3274505 585
3142101 5558
6722873 3995
6722879 3281
1418200 917
1364764 2912
11516701 6820
2185187 3924
1853770 5038
5980670 23
3757161 6374
1480051 7032
1466394 2143
1466390 4808
1297102 1825
2130121 4843
3543690 2427
1309059 1639
1457218 1351
1432448 1383
1309053 1922
1293823 3783
1293820 3321
1309050 1507
1309057 2600
1309056 3841
1293824 2748
1293825 754
3041269 2406
1291569 1530
3041261 5266
6037977 6822
22759752 5255
3041264 16
3012309 553
6383498 2564
4845425 5279
2154314 4848
2148391 2855
2148394 2856
4845429 3983
2363919 3619
1309132 895
1914787 5465
1309135 3227
1309136 896
4100696 2694
5294732 7000
3819877 616
4876722 1317
3819871 3711
24307625 6005
1878616 3607
2142528 6605
6560033 7011
10453722 6418
10453723 2008
2159093 5061
1294991 5207
1293359 741
20472857 1331
1485260 387
1293350 740
1293351 1567
1296272 3763
1293353 2250
1293173 127
3992381 5275
1473795 375
1298308 196
1305582 5392
1304981 6319
1293683 5454
2275370 1098
1304989 2228
1297531 6785
1293179 3318
1293171 2219
1293172 126
1477894 1659
1293174 2953
1293175 5422
6729183 4916
1292881 2181
3263820 3423
1308269 866
3727603 3758
1292889 2743
1419985 3240
1769531 3647
1427500 4306
1920907 6222
6984051 5957
3560787 597
2158328 4634
1767042 2145
1889299 1016
11606328 76
1418859 3237
3094696 6842
4889423 1248
6717574 3994
6717575 6318
6717573 3473
25774760 1397
1299235 5894
1292226 1361
1299237 4609
1292224 95
1292223 94
1292550 2739
1292553 113
1292552 722
25727519 4643
1292229 710
1292228 97
5908859 6239
6872244 3555
6872245 6104
1295684 5051
1295686 775
4233625 5643
10810336 6248
6558062 2474
3134345 5267
1903381 3891
1482541 2823
2299706 6552
3401751 4543
1482090 3871
1964510 4738
4067285 2693
3027015 5528
1310175 2799
1474045 5073
1337286 904
2042618 4575
2042617 463
1316510 1576
1316511 3845
1860073 5414
3781860 5067
5416146 3465
19973815 1310
2059443 6118
2139553 5145
1295025 6407
1819460 990
4022138 6987
1414803 2324
3660583 4549
25807251 7059
24381366 5082
1998799 1280
1291859 1423
1291858 695
1291851 29
1291850 694
1291853 30
1291852 11
1949312 1389
1291857 6337
1291856 2946
4237863 6150
3725295 1289
1460930 6718
1460932 5502
10482125 2487
1300894 224
3239892 2677
1761172 4532
10484601 3490
3902408 5485
1437342 2139
1926142 4143
1962112 5237
1962116 453
1962115 4737
1883634 4825
1453238 361
2156775 6934
4044842 2046
3201843 5531
5975464 6144
2032143 1985
1300092 3150
1300093 2767
1305114 2294
3210534 6612
3735003 3678
6123978 6391
1418076 6448
1389971 6355
1418070 342
1455979 2332
3595323 3052
2981390 6732
6710798 3280
3450086 5156
1297666 4783
3067590 7023
1867389 5847
2997325 4297
10558417 6545
1307849 287
1307847 2585
1307840 3204
1760027 395
2174535 1091
4009079 4889
4836985 6793
3286528 1769
5327188 4485
1292760 5452
1292766 1995
1292943 4760
1292764 4292
1292765 4182
3706859 4187
6858739 3997
11615886 6851
1426842 6924
2059529 1282
1855131 2588
2303259 6451
25752451 4866
3072894 1152
3025666 2674
4136036 2064
5958582 1337
4843637 655
1531733 6711
1417726 6213
4271832 4894
1417051 4454
3011235 551
1302930 4199
1417728 4371
3448242 594
1293544 1492
1304798 259
1292225 96
2381835 2668
3008672 5298
1469984 5245
2212156 497
1876781 1013
1292222 709
6989755 5888
19997950 6983
1292220 32
5326589 5440
23126901 522
1301777 2775
10537949 4078
6717148 3472
3291178 67
3744561 5307
6971017 1824
1298974 799
1298976 3141
1298973 1980
2301706 1103
1302244 6456
2301701 1395
2298926 2386
1870250 1435
1301912 3167
5916347 1321
6971278 6395
1394543 3596
2059321 1416
2148374 2854
1308890 5845
1308892 4184
10512944 6559
1302063 2776
1307542 858
1302061 4127
1307547 2792
1307545 3547
1306490 5170
1796085 6000
1433736 1937
2296999 6520
1297759 3327
6809560 3708
3402138 7064
1297894 4407
1949811 450
1949812 1037
4326412 2446
3199456 5366
3199454 6727
4307000 5830
2998425 6782
1472128 5983
1853752 5071
1422925 2328
2132120 2662
1422920 933
1422922 349
16475702 2056
1483203 5611
1297478 181
1482099 5674
19975083 4005
1461985 2820
1309071 889
1309070 3224
1461981 5033
2124718 5928
1298492 5913
1309079 3842
1309078 2310
1298493 5511
2988506 6622
1949761 2929
3395460 3624
1299495 804
2129039 1072
3796613 5484
2030600 460
3993632 5561
1309112 5645
4196129 1792
1309110 3843
3882445 3537
1309116 893
1309115 892
6985810 1991
4825006 4383
1294789 761
1294781 6169
6861588 6763
1293377 742
1293374 4351
6560058 1294
1296252 172
1959877 2019
6844863 5290
2049761 6303
1908036 6359
3990500 1336
25718140 4271
4073872 637
1308304 4452
1889906 4826
4212172 71
1329950 903
1297787 1449
1297785 3133
1305566 3825
1305564 2627
1298366 3328
3998385 5486
1293150 3077
1296436 778
1293155 1343
1293158 733
1304961 4988
2993217 5151
4706257 6263
2158699 3382
6875647 6489
1826462 6668
4058964 5918
4058963 2690
1305308 3187
1316513 329
1305306 1376
1306998 6070
3683409 3438
3629246 6370
1294564 5125
3114109 572
1947266 5089
3205624 577
19899700 5579
4117274 6981
3244162 3422
22556008 4577
1299967 5167
1292206 1971
1292208 706
1474203 2917
1307043 278
2152997 4847
3041806 1144
1939490 3740
1421275 2132
1421278 929
1947080 1033
1308127 6740
3289081 2170
1915393 5662
3014183 6589
3289086 19
2257738 510
1394488 5671
1951318 4460
2257732 1095
3011550 4215
3011552 6095
1307221 5132
20398972 1516
3369383 1777
1907467 1024
1907464 2355
1907465 3038
1996313 3903
1422913 2133
2210001 5408
3321409 3672
4718246 3277
6126502 6106
4022115 6865
10733558 5681
1295006 766
3147941 2505
4004731 2063
5969409 3024
1306795 3589
1578510 6358
3197491 3516
1412436 6838
1306799 1634
1470189 5939
1291833 691
1291832 690
1291831 4007
1291830 4113
1291836 4166
1291835 2206
1291839 692
1291838 1566
5967821 3023
1302476 2780
1878136 6967
1949377 5466
1460915 4933
1460919 1651
3202170 5446
1951081 4345
11636402 4406
1978709 2154
6886518 5219
1968790 5614
6886510 4561
1300300 214
1588945 5035
1300303 215
3439354 2171
1756073 2002
1421807 3852
4930393 2179
1421809 1936
4004715 2688
2156754 3653
2047910 1690
5397537 5283
1449381 2819
4010954 1222
1305175 5610
1305179 1534
1418019 48
3443074 5006
5156706 3727
3148877 3946
1919906 5785
2362662 5092
1297646 187
1297644 2757
1297317 5113
1297643 790
3068563 1148
2132930 482
1307829 1635
3726072 3626
1449962 952
1449961 6531
2017626 6636
3861833 4201
7054120 679
1929461 5903
1305791 5766
2367948 6093
1305793 3826
3059036 5697
1292925 728
1763205 4712
2045321 5668
1305388 6513
3792868 3967
3873960 2571
1900172 6729
3103418 3757
3313801 1192
2299474 1102
2252733 6486
3437176 3518
3026005 1758
2295401 1100
11501396 1446
1293527 748
4885995 657
10429716 4603
4728562 7012
3008659 2673
21618782 3617
1295253 769
1295250 161
1322851 901
4193254 4380
4280770 2894
3156086 5209
3807886 6966
2326226 3655
1793671 4533
1984851 1946
3691183 4569
1303021 245
1857099 997
1298999 2990
2131654 3257
2237378 5695
1950525 3373
2340969 3397
1464563 4992
2310046 6522
1303246 834
1759770 3361
6869412 5762
6557144 5704
2216379 2379
3654346 5823
5028366 1959
1294138 757
2081493 1066
3346464 2423
5323968 2609
1301798 3809
2373457 6126
1871906 426
4822829 2178
3011617 2403
1302047 236
1307561 1350
1307569 2793
1301535 2624
10487568 4058
1306213 3195
1477963 6562
3184572 5224
3275416 3669
2124737 5929
1309091 5879
3082452 566
1416942 4273
24901000 6984
4935011 1804
2567998 6569
1845571 5876
2040834 4355
2049560 5946
1300899 6188
2067450 6586
4301278 3451
2300586 1394
5919548 4390
5383158 4526
6425118 4308
1297418 1978
1298694 3139
1298697 3563
1293310 4660
1310185 327
1293315 738
6894811 677
1293317 739
1293318 1366
1294853 4118
1294506 1879
1300117 812
1294503 4008
3205646 1179
4921358 3457
1464829 3865
1298346 2266
1919245 2927
2148680 487
2148681 2369
5343629 6591
2062677 1062
1305541 1831
1439400 2816
1883406 3887
1876686 5882
3025290 6801
1807994 5875
1302512 242
1308228 5770
20416430 3717
1305324 265
2156779 6288
3073647 1154
3073648 5153
4824223 4382
3804746 612
2153590 2549
2153592 2980
3217669 5641
2153595 1705
1292288 103
2153598 1706
2153599 5253
2286133 6669
1292049 700
1292048 1342
1292047 87
1303654 1898
1303497 6190
20506276 4400
1304942 4697
1302193 3530
4603382 2447
3647523 3437
2123619 4842
1766681 4938
1292269 4606
1292268 3055
1292262 99
1292260 98
1292267 1362
1292264 4678
1307023 277
6829650 4657
1307026 5917
3055049 4538
1304056 1629
2253613 5147
1308912 3840
1401388 6325
1927369 441
2257759 3393
3227410 1767
1465088 4772
3564151 4958
1307793 2116
1465081 4807
1465087 2643
1465086 3504
4316832 1794
1578685 2826
1422938 5806
3578781 6403
1815504 5734
3007773 3409
6855094 2068
6855097 3528
3039187 5445
3147969 1166
3055450 7041
1440174 6514
3055452 3622
1293482 3782
1958447 6790
1295064 5020
1466897 2916
1298506 795
4742378 5439
1482505 5940
1482055 1328
1482051 963
5279665 6715
1291818 688
2364834 6848
2364838 5969
1438790 3858
1302457 3170
1302455 2779
1433678 2330
1433676 4326
10521648 2234
1433673 51
1306518 4612
1306512 4752
4206357 2441
2156738 2374
1421823 2011
4842285 1246
6877703 2715
4164106 6139
2155290 2370
2270422 3394
1305158 2787
3769423 3710
1389937 6539
2161696 1392
6886533 6602
1422098 931
3686087 6371
1867345 1006
25829829 1314
3105162 2412
1297628 3129
1307800 5631
1307807 6115
2132916 481
1918382 6256
6386345 1485
3057368 6805
2032459 1053
20266753 63
3792848 2684
23775560 2539
6041199 5375
3004532 6094
6041191 1442
5364987 5887
6041194 5871
5989818 3706
3078403 1160
10574622 1269
1401205 338
4745470 4557
1293050 2612
1790418 7061
1296579 6467
1292900 4213
1292906 3073
10438691 5743
1470732 373
1470734 4811
22715021 1312
1303001 831
1296797 4929
3737117 4298
2043465 1688
3263169 1768
4135259 6277
1296794 3117
1428068 5727
1428069 4228
1473297 2601
3074408 2201
5250349 5321
1464540 2821
1292677 3066
1464548 5116
2133293 1079
1303269 5663
1292679 1427
1294863 3099
1946607 445
2978372 5618
2354908 5199
2056093 4997
1945800 1031
2354900 6447
3011906 4468
1302205 238
1302209 3812
2353023 530
1306186 4131
4046891 6704
1899601 433
1585236 4235
1299103 4982
1303917 2106
1299107 3799
1303913 3337
21334996 3379
2239292 3261
4822848 653
3734112 605
1951105 2495
4822845 4302
3118086 1165
1438652 53
1395231 3347
1830575 2348
1307582 5134
4735944 4267
2230654 6122
1306232 5131
1292769 2249
1457905 6057
1923474 4142
5151357 6264
3279080 1525
3041281 2407
4078562 2524
1293142 3781
1304977 6114
10535502 4744
2064441 6224
4798779 3692
3025450 5444
6772963 5994
1291571 1556
1308699 2119
2142538 5580
1433086 5923
1292207 90
2974278 2669
1300916 3806
2974273 1117
5386987 6111
1296218 4444
1776962 6946
1776965 4940
1293330 4479
1296217 171
1296214 170
1306861 2208
1433577 942
3714030 5351
6015756 3707
1305525 3824
1305524 5130
1305529 2295
1456503 6433
2383207 3935
3012819 4433
1441017 6764
1444534 6168
1433330 1327
2158160 4850
2153602 4717
3399553 5272
3399559 5916
3727661 6138
4319218 2701
1308207 3208
1308201 5646
1297291 180
4903613 2456
1297294 1977
1428581 2726
1428580 2804
19963888 2021
3160834 6891
1926007 5041
3824500 4192
10462800 5873
1292060 5451
1292063 702
1292062 89
1292065 704
1292064 703
1292067 705
1463879 365
3148013 6650
1463872 4805
1418834 7
1304920 4370
3614522 5822
1293191 5765
4301662 1237
1293198 2546
1293199 4528
1299292 2072
6068516 1528
1299923 3714
1299922 5296
5433231 6385
3392569 1193
2229479 4637
2229478 2865
1900321 5942
1304073 1630
1308979 2229
1308978 2907
1308973 880
1308976 5430
4275502 2526
1308974 881
3005496 3735
3926132 1788
1297991 4168
1297995 192
2969278 6127
3113734 1164
3142715 6554
1394626 5179
3166574 6908
1298522 5295
1298521 2759
1298525 200
2350904 528
1298528 2986
3217878 18
2078906 3914
1329286 1927
4934987 4291
7161707 4919
1482079 2918
1482072 964
1482075 3600
1482077 965
5955975 6829
2224813 6485
10521668 3773
2005723 4688
1306536 6671
1306530 5724
2030778 1686
1308599 294
1437322 4455
2267372 4595
1872374 3886
1308596 2631
1308590 4206
3815920 4299
2156718 3381
1455849 5518
2279816 1733
3335464 3427
3335463 4232
2279811 6535
11500954 1970
3102668 570
21329294 6566
1301167 2623
1301166 3158
1301164 227
1328665 3345
4320236 3630
5981293 6050
2263277 1729
1301169 1828
1301168 228
5416070 6916
1765127 4041
23997724 2390
11594933 2944
1299737 3557
1297602 3326
2148257 1558
1297359 1570
3642835 1200
4099277 3977
5407055 6923
25742294 2503
1424582 2963
4304402 2443
11610693 4016
1851906 4733
3272879 5542
2297877 5884
3771562 21
1302698 1452
5924362 4210
1981335 1945
3001142 6524
7052437 6977
3187790 5202
1294950 3102
1797020 3880
10759936 5242
4016543 6376
1294958 2513
1298065 5858
3150346 6526
1293071 1874
5262027 6595
1293073 3780
21619567 3923
1293077 2952
5031441 4559
3326710 5409
1968581 6328
3126105 7050
5327655 6877
1292230 5160
5912977 6247
4023250 4314
1295929 5546
1304485 843
4301056 4024
1851769 6219
1441801 950
1296102 4026
3562827 4546
4058796 3974
1303066 5449
1303067 13
2375819 6601
2043404 3910
3742993 3283
3785918 5330
2074551 5966
2340927 5419
4883258 3984
21354116 5347
3330206 3426
10527294 3529
3319846 6888
1829626 3505
1292659 723
1292656 115
1889424 5737
25790749 5780
3347112 5787
2995166 5406
1299248 5709
2970163 1750
1763607 6446
5377708 3046
5028328 3458
1794367 1386
3011380 1133
2357699 5547
1292343 717
1794360 4994
2132495 480
5913028 6252
1301757 1273
1301753 40
3805953 1855
1299120 2763
2073674 5469
20438714 6752
2297265 520
1951163 1040
2297262 4069
2295809 4349
3660428 2043
3543940 4884
1436679 5978
1301578 2224
1457294 3245
1306255 4065
6041222 4654
6041221 6390
4061061 6377
2057289 5850
1416906 5726
3035199 4952
5029050 6988
20515078 6730
1302242 6067
1300487 4063
1825679 4774
1298653 201
4861542 6381
1301283 3162
1899487 5522
1296837 3118
1296835 5426
1294893 3100
10828426 683
1918224 439
6037517 6103
1329938 1510
3780341 6098
1308366 44
1308367 4797
2361528 5258
1294540 4359
1329936 2519
1298389 198
1305058 6991
1305053 263
1418179 1935
3718678 3481
4016485 6100
5977789 6797
2209573 1465
2037796 2660
1305858 6954
1512037 5612
20453087 4270
25789398 6250
6714088 5184
3861997 3442
1306632 5100
4073898 2437
1296769 4446
1292001 699
1292000 1489
6753166 5331
1297012 3123
2997134 543
1297018 1498
4893988 5016
20374303 2023
4304212 5299
1304900 3180
1304677 2293
2367243 1111
1300613 815
2265778 3928
3305722 3956
2229459 1723
1841523 58
1395546 6462
10463991 1286
1890157 3370
1308111 1916
3217807 4964
3566709 2429
1464067 5864
1394424 907
1794082 4818
1298898 3797
1293714 4749
1961963 452
3284396 4645
3284397 2507
1293718 2898
1886896 1942
4724373 1239
5262276 2724
5262275 4903
2028585 2360
1302795 2966
5395263 1811
1295713 3106
1877016 6021
1306733 2298
1306730 854
1306737 3199
1863923 1678
4043763 4052
1303543 1896
1308950 3220
4043764 6020
2310144 3930
1937946 2018
1295646 2257
1307427 4412
1427834 3242
6428136 5543
4166487 4891
21360417 1519
4915854 1441
4915857 1292
5941682 6386
1963066 3900
1963067 455
10777687 1613
2378649 6855
6759556 2479
10509888 7069
1756584 393
1450031 953
3006424 2400
6900092 1553
6869376 5956
6900094 4971
4109909 5120
1433183 6561
2279833 4347
2279830 6519
4905040 4899
2160565 2376
2209368 3387
11615927 6633
6875451 4397
3001184 3937
2263253 1096
1299711 4785
5044741 4254
1295460 6273
3285073 3671
3121972 6229
10766178 6185
1294395 5456
3239814 4644
4059238 2691
1300361 3803
2032341 3907
6999258 6396
3578981 598
5294324 3542
2373195 1521
5294326 6541
2160385 4946
1892147 430
2042178 4632
1986338 4833
1796939 1672
3173528 2712
5313367 3699
1981642 457
2036289 4945
2146991 486
1293276 736
1457127 4004
1293271 4975
1293270 132
4728518 6528
2994843 3572
3041201 4470
1298041 3793
1298040 2265
1298043 4408
1298047 3584
2976111 4505
5153024 2052
3104216 6007
1947144 2510
1293019 3075
1296538 174
5031426 3459
1293013 1365
1776595 4686
1296027 5126
1296026 1883
1305265 264
3732499 1782
2302162 6937
3126164 5582
1305261 1431
1441863 4801
3217169 579
2334814 1104
3217165 4599
1308010 1536
1499148 1663
19964006 5204
2229596 6549
10604892 2876
1460996 363
1532205 970
3289348 5764
1940867 1028
6005591 6011
1889152 1015
5502697 1812
2118235 6620
1292633 2880
1295942 2259
3287611 2197
3330040 1853
3196686 2040
3143676 1542
3006775 6915
2347485 3398
1849959 994
3713860 1781
2123510 477
3567857 5007
1297819 1346
6514105 1820
1900841 2354
1900840 2602
1788940 3365
1900848 4141
1385567 2314
5913003 7063
3182856 5891
1829230 1674
4852036 5831
4708334 3690
1465676 6658
1295363 2881
1465679 2014
3882827 5560
1800597 1584
2338069 525
4061047 635
1923304 6083
1782013 1514
4059245 2728
3135483 5327
3264229 1592
10755584 2896
3754382 1212
4901351 3045
1302605 2781
1302604 243
1298672 5411
1422306 3002
1883755 428
2269525 6661
6221409 5584
1294562 3095
1294561 3094
1300605 3036
1866462 422
1300608 5023
1998630 4044
1449711 6267
1915729 3371
1308384 3210
1441053 6592
1441054 1606
1305071 2903
1796232 3648
3077673 1761
4215662 2442
10833919 5121
2032339 3906
3440481 5480
1305387 5188
1305386 6875
3230165 5378
2075721 1064
10574471 5294
10574474 7055
3218596 2580
1401526 1932
1401524 2320
6430835 4057
1296703 4120
1299502 2271
2977766 540
2208933 2550
1918208 2603
3777800 610
3189969 3623
2042973 5467
1464338 3247
20390185 4574
3821067 1559
10439236 3288
1915180 3608
3647097 3521
1297032 1885
1297036 785
6991110 2484
2997155 3621
1905790 4629
2150463 5146
1292289 1870
1305926 269
1939414 442
3075983 563
4817901 652
1292281 2731
1292280 3314
3732807 4887
6037429 4364
1292287 102
1292286 1490
1436870 2137
5313428 4492
1401385 3642
2229437 503
1295281 6746
4271533 6320
1304034 5460
1457715 3862
1849031 412
1304038 2902
2140126 6907
5384548 1809
5384549 5356
4135710 2007
11604028 6470
1298874 2762
2063867 6510
1298873 4123
20388198 462
3019536 6573
1785323 4730
1293732 5397
1293731 4588
1475197 5693
4604803 6695
25711770 5087
1295086 5336
1302384 6479
1845625 1279
2052059 4838
2360714 6022
1306713 4508
1306860 2187
1303562 5958
4826758 6279
1307404 6345
1302165 6641
1870118 1680
1727557 975
2079898 6974
1870117 4335
1870116 4823
4176688 5371
4218768 1480
5996799 1969
3735015 6537
2284481 5907
3718460 6590
10450409 1421
1860453 5811
3718709 6627
1946867 3650
2043283 1687
6869395 3748
3212221 2676
1299080 204
1427816 3353
1422086 5053
1427818 2055
1427819 937
24718965 6060
1948937 5057
6040982 3989
3010828 6502
1937077 2655
1436674 4615
21328704 5986
3793783 1290
1422089 1646
1300830 2280
2369549 534
3610047 68
1922152 3734
2157191 1710
10456963 3306
3273435 5271
1507158 390
10788846 3014
1507152 3873
3607666 4050
1507151 969
1393479 334
6313765 4913
1401118 5431
1393470 6415
1393471 6416
4935242 2210
1419416 3238
10569144 5934
5279979 5778
10569147 5995
4035906 1225
1292347 1364
2980431 6751
6902929 4336
1844413 410
1292341 716
1987994 4067
1299863 38
1293258 2091
6844868 5761
2080849 5774
1293372 5110
10740243 7008
1296253 2069
3042142 558
24753685 6305
1294911 5699
1294917 4061
3012751 6453
24695966 2998
3584929 6626
1297970 2098
5919333 3634
5919334 5379
1293035 6062
3141950 4523
3262091 2420
1296519 1975
6874441 6343
3282392 5657
3158438 6608
1427266 5922
2228604 1721
1305248 5512
1305249 6027
3804629 2435
1305713 1906
4132395 5487
2253756 5581
1303717 3587
1308034 4205
1308035 3206
1308038 5862
2075973 5550
3785958 3440
21348941 6364
1401261 339
3005603 7046
3813933 6638
1388176 5602
1388175 2961
1292344 3580
1292345 6283
1770547 4939
3036460 4692
23338330 3656
1292342 3316
3036464 5348
1292348 1994
1292349 718
4707596 5491
3755531 2872
3158432 6574
1361254 1538
2133413 1080
10555084 6271
1295965 167
10428482 1529
6738712 4500
3628370 600
